msecom <-
structure(c(0.00173344683636771, 0.00171545165157425, 0.00151488490599649, 
0.00264862761944837, 0.00189447370083981, 0.0021803480003378, 
0.00320776673949951, 0.00107221139451138, 0.00161923931463364, 
0.00219483520230519, 0.00249286122704951, 0.0018451867901042, 
0.00189795973928194, 0.00174750915491968, 0.00255355923599896, 
0.00168123285969344, 0.00228034799271962, 0.00194289792727934, 
0.00170387726874753, 0.0019288102730068, 0.00304875932685063, 
0.00186523278325692, 0.00161250959987515, 0.00162587041074007, 
0.00186952624472193, 0.00173054456469748, 0.00198553246226182, 
0.00108126951206406, 0.00196925597125243, 0.00158205348933443, 
0.00172580579810342, 0.00219229046428841, 0.00195550203379545, 
0.0018849593262403, 0.0053915346745988, 0.00250387325337996, 
0.00211967869755565, 0.00553359599226516, 0.00208085693551495, 
0.00132330116803371, 0.00156607961514674, 0.00226243448401366, 
0.00179168815714291, 0.00203543197232361, 0.00134828137627465, 
0.00115308115033265, 0.00190871565263167, 0.00188286897021827, 
0.00203590842458352, 0.00165745659561979, 0.00119526584712726, 
0.00120314059307132, 0.000992051865661033, 0.00187343318652654, 
0.0013498453075526, 0.00145195197705446, 0.00212856502318277, 
0.000617755932465778, 0.00109289763916094, 0.00150462848422425, 
0.00165481408784865, 0.00124480909613591, 0.001298779805339, 
0.00118984902672323, 0.00157670078578631, 0.00121071375091713, 
0.00154784858220793, 0.00129189719162874, 0.00120854005099029, 
0.00128687390871555, 0.00212311994651196, 0.00130508856261982, 
0.00108770375414163, 0.00108947136920841, 0.00128564391033991, 
0.00118649077148846, 0.00128034851134322, 0.000673266273478257, 
0.0012788222269165, 0.00105729073076956, 0.00118308533545944, 
0.0014408330198005, 0.00124177729311094, 0.00129920783186558, 
0.0034735526094991, 0.00158774362961689, 0.00145700469670209, 
0.00362480153265565, 0.00140579211506761, 0.000895656807859382, 
0.000987674922333787, 0.00168251698414621, 0.00121883639885761, 
0.00145714631874765, 0.000905471352471976, 0.000722326918445072, 
0.00132024011630196, 0.00121077105268092, 0.00141996197672341, 
0.00111634915492192, 0.000979039228739752, 0.00100966192929932, 
0.000776385957727683, 0.00156856532324067, 0.00113863468918229, 
0.00116162889794137, 0.00166802180866645, 0.000424045099249182, 
0.000882354657227553, 0.00121741091706064, 0.0013155411222506, 
0.00101435256428588, 0.00108360369948321, 0.0009851428456024, 
0.00116425457902794, 0.00103192673770479, 0.00123482063328651, 
0.00104294959269325, 0.00102654587665661, 0.00101356123089196, 
0.0017447099214104, 0.00107445876100637, 0.000893125050208147, 
0.00087463766434817, 0.00106848835647723, 0.000978593191836213, 
0.000988587269105374, 0.000511927517082921, 0.00100729343780742, 
0.000851563145799469, 0.000962712985552274, 0.00113661679923756, 
0.000943550341997017, 0.00108045654444593, 0.00267222566699565, 
0.00120575742961668, 0.00118852999241259, 0.0028054693200973, 
0.00112641854794609, 0.000728093695889272, 0.000757033807193542, 
0.00146849316541603, 0.00102008325407856, 0.00123947547019094, 
0.000733407860192462, 0.000549989225812891, 0.0011056614097783, 
0.000928389534012422, 0.00118136917577748, 0.000918503132682007, 
0.00105933477533004, 0.00112566712518137, 0.000852791996952252, 
0.00170744150389886, 0.00125380752737774, 0.00130006186897808, 
0.00178349380968113, 0.000465681939484459, 0.000972251158446408, 
0.00130808849535737, 0.00143538285468231, 0.0011728422656277, 
0.00124969221778036, 0.00110401577550847, 0.00127816439326171, 
0.00112842442860588, 0.00130606199478961, 0.0011677681729774, 
0.00114756087194396, 0.00108073697501874, 0.00188889763567606, 
0.00115798290480318, 0.00100028868733595, 0.000948699436948088, 
0.00120940541964198, 0.00109879977540916, 0.00106266704209527, 
0.000591524882116923, 0.00111679561098873, 0.000937623664812793, 
0.00103706442140009, 0.00125774033006274, 0.00102301584020678, 
0.00121215050130386, 0.00299623615134213, 0.00133419446309347, 
0.00129946172717944, 0.00306752678825661, 0.0012086511954933, 
0.00080439949393104, 0.00084730895879139, 0.00161695919913293, 
0.00118947681062372, 0.00139512136082975, 0.000813796029830883, 
0.00062390015094991, 0.00125761791850097, 0.0010082265837668, 
0.0013063705327732, 0.00105449014664895, 0.00116792170095252, 
0.00126373451982397, 0.000961760092568402, 0.00187253332756945, 
0.00139128893966999, 0.00147390809905723, 0.00193471753954588, 
0.000545236519525523, 0.0010939338496391, 0.00143549256086739, 
0.00158202455983139, 0.00135964014296437, 0.0014301493060824, 
0.00123405720406254, 0.00144131899458426, 0.00124170997305381, 
0.00140884476330921, 0.00131528773771882, 0.00127727146618045, 
0.0011869206524702, 0.00207022150351513, 0.00126838032415003, 
0.00112263245728743, 0.00105293858114012, 0.00135400177547418, 
0.00124213783510921, 0.00117962929753985, 0.000695020832974124, 
0.00124992179397461, 0.00104974473146992, 0.00113777829333864, 
0.00141765472173375, 0.00114139240468016, 0.00135911109426004, 
0.00331111661361208, 0.00150395565322199, 0.00144458145660542, 
0.00331470794882523, 0.00132393568044929, 0.00090178134607791, 
0.000972389100404773, 0.00177888931507863, 0.00135527962045551, 
0.00157235738241443, 0.000914079441286136, 0.000722842246849665, 
0.00142127931851775, 0.00112540737463387, 0.00145736201791643, 
0.00119775536772809, 0.00105106229355786, 0.00114540012299621, 
0.000852984840311015, 0.00168600465284864, 0.00125833139921665, 
0.00131082383216572, 0.00166132371197125, 0.000466674893341839, 
0.000983227956447852, 0.00128610046173637, 0.0013752995566323, 
0.00121785134481565, 0.00127512706490005, 0.00109068129380761, 
0.00122329779081724, 0.00112691995519037, 0.0012310166105593, 
0.00116327083297352, 0.00114047601380816, 0.00105064409631049, 
0.00185178232558928, 0.00113640970089365, 0.000996058651973742, 
0.000943883288634589, 0.00118083077670805, 0.00111332316238574, 
0.00104433043108002, 0.000600977660847615, 0.00108648477610847, 
0.000939307366504531, 0.00101687720470402, 0.00125555681232158, 
0.000988962923462465, 0.00120988885313146, 0.00266663179202335, 
0.00128774211178682, 0.00129912940696729, 0.00263894324797686, 
0.00117280512472085, 0.000803310508278856, 0.000856810841122363, 
0.00162419635128704, 0.00118254682415863, 0.00142885109354236, 
0.000809718753220142, 0.000630200939053601, 0.00126535840751143, 
0.000977922215732434, 0.00131610030295619, 0.00104890760745154, 
0.000894105641945643, 0.000979374660358342, 0.000713321703759383, 
0.00144912933382011, 0.00107837310515313, 0.00108711863203376, 
0.00134713534036238, 0.000356587138365513, 0.000820244859166913, 
0.00110401820816822, 0.00112963763903803, 0.000999700061840171, 
0.00105254071449974, 0.000913856199767963, 0.000940307713463327, 
0.000978421526386585, 0.00102051833802426, 0.000967380329446163, 
0.000964005926029518, 0.000873760522871559, 0.0015840762093089, 
0.000968563493856043, 0.000836518693051916, 0.000799025112321993, 
0.00096498297043424, 0.00092565926661051, 0.000867607327598997, 
0.000466936227672985, 0.00088865122867714, 0.00079899393290976, 
0.000864090884201818, 0.00103318925122256, 0.000794907975295282, 
0.0010093661538601, 0.00193630321874578, 0.00100552919382994, 
0.00110652979747038, 0.00189028015048338, 0.000982339133433293, 
0.000672995732441471, 0.000698625459971399, 0.00140926375083101, 
0.000962634719076936, 0.00121863779726245, 0.000674555760225143, 
0.000511173538936273, 0.00105490521700413, 0.000786363241392962, 
0.00112330982516411, 0.00085977870137349, 0.000904369350499431, 
0.000999902150822748, 0.000745730284223451, 0.00148328553107216, 
0.00109814654514916, 0.00111252482572093, 0.00138696990876742, 
0.000365205692337055, 0.00081949551139733, 0.00114647720902911, 
0.00117157719329714, 0.00100605964438086, 0.00106494761266757, 
0.000951685235819047, 0.000948726259501043, 0.0010043354741704, 
0.00104227586179051, 0.000999522337616633, 0.00098863447228492, 
0.00088279788853786, 0.00163736514845762, 0.000990163451567441, 
0.00086972275876988, 0.0008163950825237, 0.000995605689356236, 
0.00092685633640101, 0.000885150090850762, 0.00047431379779189, 
0.00092838141074216, 0.000833609521218469, 0.000884198094550375, 
0.00104949406392065, 0.000811744912882069, 0.0010269189937381, 
0.00201306185926479, 0.0010178719226465, 0.00113498389964904, 
0.00192860093355555, 0.000999848979925587, 0.000691160446094095, 
0.000720108140925312, 0.00142037185422116, 0.00100038697638287, 
0.00123395178309562, 0.000696211262391587, 0.000543253606064278, 
0.00107898757402046, 0.000796417905054667, 0.0011470185276205, 
0.000894212389658718, 0.00101077416841083, 0.00113278920931848, 
0.00086868864244512, 0.00167344853216006, 0.00123341027351124, 
0.00128998518456402, 0.00162506480138454, 0.000441980495298767, 
0.00092497886991957, 0.00130602691756649, 0.00137378174673899, 
0.00116914114690605, 0.00122890149445625, 0.0011029282324992, 
0.00114135253937379, 0.00112520250005642, 0.00119999259840446, 
0.00115674058606537, 0.00112537591704559, 0.00100053478465049, 
0.00187297378673719, 0.0011212139463684, 0.00100404689357491, 
0.000925891197777294, 0.00117028262808845, 0.00105132482135081, 
0.00101396061427578, 0.000563516329731257, 0.00109345801392936, 
0.000958766917120669, 0.00099901625350272, 0.00121722181229385, 
0.000949939695290804, 0.00117751133698933, 0.00258739008742388, 
0.00121939576602725, 0.00129122232900296, 0.00245158461834346, 
0.00113611953293648, 0.00079032721604195, 0.0008430507181704, 
0.00157436213794653, 0.00118897907772358, 0.00139709828607573, 
0.000800594933738963, 0.000651054505440819, 0.0012440078421212, 
0.000923946450141592, 0.00130116795269343, 0.00105264268684504, 
0.000987303364873396, 0.00112953445539464, 0.000850700009960151, 
0.00166438419788858, 0.00121385252571349, 0.00129063624273777, 
0.001600877978164, 0.000423604479938595, 0.000918875111327045, 
0.00128235738141245, 0.00136480157139472, 0.00119216349913852, 
0.00123308954830747, 0.00108312579239347, 0.00113473001657611, 
0.00110574900143387, 0.00119213506010792, 0.00113585903117061, 
0.0011031015586268, 0.000978752783390988, 0.00187447711668899, 
0.00111040752566061, 0.000982382016027805, 0.000908363372785444, 
0.00116546397746407, 0.00104630168741126, 0.0009924362090973, 
0.000538902147713011, 0.00107087676359471, 0.00093972745569651, 
0.000976129709535657, 0.00121931169981713, 0.000928383140720895, 
0.00117112929066465, 0.00263439965395921, 0.00122386223631696, 
0.00127875405393922, 0.00247424554510976, 0.00111463002895973, 
0.00076727966866817, 0.000827070043115804, 0.00157025396939089, 
0.00118914431824021, 0.00140872717241508, 0.000773728984151294, 
0.000628790157875863, 0.00123598416907843, 0.000899776123992845, 
0.00129545324892995, 0.00103565370021392, 0.000880646049910622, 
0.00103673639941944, 0.000750681502070745, 0.00152240439647149, 
0.0010896230148658, 0.00117113204682837, 0.00138435627497031, 
0.000346552093903083, 0.00083265742168963, 0.00114450992478827, 
0.00121745697831238, 0.00110195711754021, 0.00111853988776251, 
0.000958856767888576, 0.000969728918649101, 0.00099650542282597, 
0.00106000286743295, 0.0010063257341332, 0.00097212815742165, 
0.000863880879462434, 0.00171967888326692, 0.00100138918958065, 
0.000869067630828936, 0.000808331903543923, 0.0010274700028003, 
0.000945487560284978, 0.000870173289692397, 0.000441438426807138, 
0.00093481934731568, 0.000837901181429718, 0.000864025515983671, 
0.00109353167247091, 0.000798110461666982, 0.00104895779935855, 
0.00219956877380756, 0.00106593980482331, 0.00115052172821659, 
0.00204979652384101, 0.00098603869994163, 0.00066601786507929, 
0.000731693537112124, 0.00144611582466982, 0.00104926127270801, 
0.00130514478806305, 0.000666615698546702, 0.000534072901509759, 
0.00110006609156338, 0.000774676366088288, 0.00117393186549586, 
0.00089787205578789, 0.000848587821819085, 0.0010169329057431, 
0.000733082461954805, 0.00148485648728096, 0.00104338809244704, 
0.00114301438264153, 0.00128515098001349, 0.000326714067455743, 
0.000803575549045196, 0.00110343830089198, 0.00118442617108338, 
0.00107011541768094, 0.00107886482813212, 0.000931901765446373, 
0.000892578214583903, 0.00096116677894611, 0.00100307496683328, 
0.000979698143472786, 0.000919406246821742, 0.000825652590360689, 
0.00168694967568761, 0.000962552388607888, 0.000847958972371773, 
0.000776885781581508, 0.000972701314535302, 0.000907912502175457, 
0.000828678394833627, 0.000407631349023424, 0.00090750446484923, 
0.000821158476914124, 0.000825888368889827, 0.00104009699017021, 
0.000751163086379746, 0.000999368436578662, 0.00192014412955476, 
0.000987609575640544, 0.00110320781242475, 0.00179925515546673, 
0.000940425546101502, 0.0006297905213511, 0.000724114654711601, 
0.00139215447982736, 0.000993411393543914, 0.00126864036771701, 
0.000632962183440293, 0.000517543085268734, 0.00104030521468525, 
0.000733744184760833, 0.00112446162217078, 0.000844188145931766, 
0.000890202317432012, 0.00105838780114222, 0.000785617227287506, 
0.00154717739224422, 0.0010751891754741, 0.00119416398707073, 
0.00133439095589006, 0.000360973822916108, 0.000825701238757835, 
0.00115482056172386, 0.00126422913604869, 0.00108921813249454, 
0.001110610171753, 0.000997364197663595, 0.000929802702113988, 
0.000997575606918903, 0.00104058746971449, 0.00104565188471641, 
0.000953038527068543, 0.000865546638379758, 0.00177242062339065, 
0.000997365677967657, 0.00090970420068854, 0.00081245815283628, 
0.00102173667738308, 0.0009318420787034, 0.000873348876333492, 
0.000435135963336848, 0.000982114433481784, 0.000876576674055243, 
0.00086416224978976, 0.00106824585479723, 0.000793224540134978, 
0.0010301657208067, 0.00196194170392003, 0.00101660287063746, 
0.00113543097697484, 0.0018765800486511, 0.000984671651430467, 
0.000658659348676185, 0.000785129381211746, 0.00141414047747949, 
0.00103929052542185, 0.00129435878173984, 0.000670264072438616, 
0.000567767116894208, 0.00106565814262974, 0.000779669919288851, 
0.00114966940612697, 0.000883695131814072, 0.000870173241386448, 
0.00101535301241385, 0.000757497366692427, 0.00150571074909406, 
0.00103295205392177, 0.00113986842152202, 0.00130227743083881, 
0.00034723910881181, 0.00078032499666057, 0.00111896619487537, 
0.00124160507742256, 0.00101454385451811, 0.00105221802789152, 
0.000979538808512473, 0.000898432079245275, 0.000966487095267131, 
0.00102194198053879, 0.00101543217077489, 0.000923620146427127, 
0.000840675774869248, 0.00173889169943443, 0.00096791130576398, 
0.000889494593384745, 0.000786643071978773, 0.00101016072601091, 
0.000884177348793964, 0.000854464683503719, 0.000406564562260678, 
0.000963053096142345, 0.000849757486394821, 0.000842618531400527, 
0.00102051552989256, 0.00076774745474613, 0.00099229465152767, 
0.00194880521132011, 0.00097662233952723, 0.00108389840404789, 
0.00189878421899103, 0.00096407339209981, 0.000632112056776603, 
0.000755502372332813, 0.00136069759867164, 0.0010153693418, 0.00122948218431864, 
0.000646273260082087, 0.000546344204684856, 0.00101615323999143, 
0.000757425527631106, 0.0010976463522696, 0.00085330009937511, 
0.000801434218604215, 0.000930470797985452, 0.000674786802883234, 
0.00139732069117949, 0.00094214925769914, 0.00103921933963311, 
0.00119223452296257, 0.000295657863760729, 0.000705270928319516, 
0.00102352593713314, 0.00114323540041403, 0.000915024486655506, 
0.000955485988349304, 0.000897098703064925, 0.000805715788757162, 
0.000887279177635164, 0.000948701770031545, 0.000919315562895299, 
0.000841269116966414, 0.000765454800721491, 0.00162712481719973, 
0.00089267969259419, 0.000809217484103676, 0.000717780233016157, 
0.000936800134890754, 0.00080180723887301, 0.000779665222865284, 
0.000337258315743892, 0.000870973302270913, 0.000766651109983424, 
0.00077064804495466, 0.000927177408287542, 0.000688840102002454, 
0.000910161945825276, 0.00180693411585951, 0.000881797779517632, 
0.000984797399498366, 0.00177450051608488, 0.000888168104591761, 
0.000562499723291616, 0.000673636524923922, 0.00126621474842924, 
0.000931944846783758, 0.00113005681508271, 0.000573645326693733, 
0.00047354944945416, 0.00091979425995296, 0.000680038938748924, 
0.00100323993925195, 0.000766252095586813, 0.000796067903564292, 
0.00094397285610213, 0.000670043358385155, 0.00140122743665675, 
0.00093795926842168, 0.00107217235472208, 0.00118329429425235, 
0.000291535076830196, 0.000717574471390937, 0.00102390941310869, 
0.00115025564315359, 0.000950020120726427, 0.00097946442338324, 
0.000895923523718846, 0.00079855333522116, 0.000880309154954205, 
0.000938565997646933, 0.0009204356944314, 0.000828693321619443, 
0.000758829833834495, 0.00164382529309803, 0.000890061149372425, 
0.000808391223647433, 0.000716645384796529, 0.00092803664127873, 
0.000812539036821508, 0.000769290816886336, 0.000329237449687253, 
0.000867876294659497, 0.000762046998224157, 0.000758957513186324, 
0.000931283141551537, 0.000685621055855526, 0.000915258199190123, 
0.00178017351515707, 0.000879172331886115, 0.00098838265837867, 
0.00173773825056721, 0.000881513965601252, 0.000551828414108839, 
0.000685541475141604, 0.00127169662107987, 0.000928760725177161, 
0.00115275865927046, 0.000563032975610026, 0.000468772753948495, 
0.000919806984611038, 0.000674511402882772, 0.00100771534463207, 
0.000757264465121811, 0.000846482819269675, 0.00102801090910484, 
0.000731074947550591, 0.00149052820626819, 0.00100421281679706, 
0.00119521875272021, 0.00126358947647953, 0.000331070391120333, 
0.0007902428445994, 0.00110218923235316, 0.00124389687354044, 
0.00106847771042582, 0.0010839894004591, 0.000965833027273682, 
0.000863159663142268, 0.000934784849955018, 0.00098639183815687, 
0.00100043001374895, 0.0008790501499965, 0.000810975615170353, 
0.00175812660502113, 0.000946374025622018, 0.000875663235838604, 
0.000771481348180669, 0.00098082389258878, 0.000889004219444902, 
0.000819016489204893, 0.000375865858995821, 0.000942954739246623, 
0.000823763786358548, 0.000802328695031413, 0.00100807746799631, 
0.000746146987478433, 0.000986615696206812, 0.00185981849645917, 
0.000948737814962192, 0.00106900835313433, 0.00179777692508301, 
0.000935719780954847, 0.000594808494387488, 0.000769466619382084, 
0.00135008226718536, 0.000994551800589838, 0.00125704923743893, 
0.00060985325643794, 0.000524539480994712, 0.000993474727659978, 
0.000731277373679723, 0.00108499236451725, 0.000816083555259041, 
0.000832626603482055, 0.00101164166116931, 0.000713447776440159, 
0.00145684632479276, 0.000987698150677638, 0.00118023852784751, 
0.00123917123125679, 0.000325626339541445, 0.000775523316883945, 
0.00108447156869008, 0.00122308716259889, 0.00105229926760596, 
0.0010637909279053, 0.00095140242316771, 0.00083451945582797, 
0.000919133193079097, 0.000967873523990264, 0.0009774768078451, 
0.00086186285045851, 0.000792405100715075, 0.00173031238845677, 
0.00092817022190259, 0.000860663415904051, 0.000758782493238998, 
0.000964410462072058, 0.00087195506156584, 0.00080399761347649, 
0.000367749789772181, 0.000924207136530538, 0.00080561304731084, 
0.000785004712998839, 0.000985629720203694, 0.000727687429761405, 
0.000968128684834147, 0.00177689914359247, 0.000918203422874601, 
0.00104805300288239, 0.00171808246741948, 0.000916842294404748, 
0.000583919039279072, 0.000757321444318265, 0.00132895278458692, 
0.000975946730355088, 0.00123998568844556, 0.000599180404167961, 
0.000514856067819851, 0.00097117644102993, 0.000712937901139891, 
0.00106431085522949, 0.000796553499938817, 0.000752346828277709, 
0.000891917214661006, 0.000612015702523178, 0.0013023028086218, 
0.000884489528112587, 0.00102957825462615, 0.00111620581584098, 
0.000271791913391816, 0.000671571917322008, 0.000971137817204248, 
0.00108843111331834, 0.000899306457945307, 0.000919315344536192, 
0.000851586014993439, 0.00071531659062228, 0.00083031218455284, 
0.000884594788962402, 0.000850663924210926, 0.000774684764186348, 
0.000702547757687726, 0.00156520787466388, 0.00083577279669199, 
0.000761008427967868, 0.000676644150250871, 0.000879565052238323, 
0.000759979888000043, 0.00072199700730019, 0.00029768735591183, 
0.000809933896146871, 0.000703748810160429, 0.000705830606876066, 
0.000863876467959644, 0.000630814654913137, 0.000860391120583336, 
0.00156895089467342, 0.000791583248052867, 0.000925133359524881, 
0.00153466662287408, 0.00082570301179022, 0.000514079053931521, 
0.000646335053153054, 0.00120795300160892, 0.00087365223161935, 
0.00109917940689726, 0.00052573904111668, 0.000433553888032238, 
0.000852835141929382, 0.000619284087470526, 0.000945523104853654, 
0.000698294923165404, 0.000726874188827773, 0.000840603684302323, 
0.000571052385825557, 0.00124163264222831, 0.00084780915450609, 
0.000975449628125833, 0.00109564312692484, 0.000257570702881151, 
0.000627139010527822, 0.000938507928849612, 0.00104525213248069, 
0.000828603306209836, 0.000859296196603043, 0.000824006001268904, 
0.000677598382106773, 0.000800424856178982, 0.000864446774760374, 
0.000805350810416114, 0.000749256438343699, 0.000673524789750942, 
0.00151008095173147, 0.00080531833757429, 0.000728596965098202, 
0.000649463505403487, 0.000860412899572704, 0.00071391972812034, 
0.000699297412558684, 0.000272549041671888, 0.000774644014571932, 
0.000665066233220152, 0.000682338822292035, 0.000818057538685772, 
0.000601662344220257, 0.00082255431794441, 0.00154160806190596, 
0.000749032155539682, 0.00088116069758053, 0.00152134486102226, 
0.000799892335063707, 0.000491739659054051, 0.000605433222747525, 
0.00116220685852401, 0.000844417502869946, 0.00103853801979899, 
0.000503291081809197, 0.000404962641436923, 0.000810933426798118, 
0.000590839365084243, 0.000901817776351035, 0.000669958283083983, 
0.000770459864156878, 0.00089403657071788, 0.000615084068412843, 
0.0013075573014563, 0.000902455944603477, 0.00106182842481315, 
0.0011847483099263, 0.000293706343047654, 0.000674820027270239, 
0.00100664340783559, 0.00111824552186846, 0.00089759145580102, 
0.000928258409882931, 0.000884990201114083, 0.000739119662891735, 
0.00084806813998511, 0.000914258429337785, 0.000868267751259367, 
0.00079959155776465, 0.000720378292322639, 0.00159676316603531, 
0.000853736272762124, 0.000783262367812698, 0.000694438988084598, 
0.000913490616937139, 0.000766583627971863, 0.000747478097549657, 
0.00031140313544618, 0.000837612075960943, 0.000712528958252606, 
0.00072498314155635, 0.000877694504650165, 0.000655665430919769, 
0.000878378247125968, 0.00166989830110431, 0.00081248264283901, 
0.000945464142783692, 0.00164386096143194, 0.000851312168008298, 
0.000532125028042735, 0.000664553237445467, 0.00122338181346457, 
0.000903037181692323, 0.00110534160684474, 0.000546745785702605, 
0.000448593414855072, 0.000872110618256742, 0.00064223752629817, 
0.00096259231707744, 0.000725924326186575, 0.000773741874658625, 
0.000918169811084094, 0.000622713306360971, 0.00131928274858961, 
0.00091794096838309, 0.00110218776851188, 0.0011885990768191, 
0.000300712775627941, 0.000699681097340543, 0.00101635433221147, 
0.00112653135490548, 0.00094972201932153, 0.000965466048571548, 
0.000890799561192536, 0.000744232904951315, 0.00085748620295304, 
0.000912242471751284, 0.000879834456485335, 0.000804925066007547, 
0.000723854433485656, 0.00161032607359281, 0.000861158453930085, 
0.000791106148878311, 0.000702527139396015, 0.000910452392309771, 
0.000791154335601665, 0.000749045391277801, 0.000323346086541473, 
0.000841115333198084, 0.000720520142242503, 0.00072401042051202, 
0.000897460153807328, 0.000660336799729492, 0.000892794938557895, 
0.00162689519239246, 0.000822906430313163, 0.000965244993808542, 
0.00160082094713925, 0.00085224673243498, 0.000540936194291996, 
0.000683719443822782, 0.00124891044659964, 0.000907535512943383, 
0.00114585452989006, 0.000553809584425253, 0.000456921720682273, 
0.000890180114168222, 0.000645157468420823, 0.000983700326246328, 
0.000729545383050732, 0.000708896994387105, 0.000857631717114115, 
0.000553201824866378, 0.00122279217265512, 0.000851154044018583, 
0.00102374089980395, 0.00108738714351747, 0.000258360329740089, 
0.000651110956571393, 0.000926088109386768, 0.00102791472437586, 
0.0009025590620522, 0.000903670520524932, 0.000809189927648544, 
0.000657438312360887, 0.000794731699291568, 0.000844785003225702, 
0.000793469870916722, 0.000736847422708213, 0.000653646126333347, 
0.00149407073488586, 0.000797314807062911, 0.000716564247101279, 
0.000642052606037592, 0.000839153955239343, 0.000736383150498857, 
0.00068004883050127, 0.000275399992994029, 0.000748550062589084, 
0.0006496903121535, 0.000656446161895705, 0.000828790314035234, 
0.000584766822158801, 0.000826271908166299, 0.00143306720252217, 
0.000737934415876889, 0.000888129375260772, 0.00143836499134654, 
0.000777037114906046, 0.000489840634911532, 0.000612230319149507, 
0.0011878222682186, 0.00083355100804871, 0.00108952296824215, 
0.000496014893846394, 0.000396114837759511, 0.00081963505038856, 
0.000569068230904912, 0.000914694653027705, 0.000651443762557708, 
0.000699162213739255, 0.00084372022020394, 0.000535858846295426, 
0.00121263357111481, 0.000839534619603855, 0.00101010350897686, 
0.0011195740147663, 0.00025597566999846, 0.000638422998085645, 
0.000912677216259012, 0.00102642203268492, 0.000890755333441553, 
0.00089685514531316, 0.000804582772922501, 0.000654301918897054, 
0.000785670021923104, 0.000860339539731452, 0.000783210787271746, 
0.000732240893532206, 0.000643411391582408, 0.00148398918182797, 
0.00079550734139752, 0.000708985157003786, 0.000631907555928514, 
0.000858172954539384, 0.000726361477391799, 0.000677283288838018, 
0.000262381962860652, 0.00074005995432914, 0.000635639960506725, 
0.000649770879485233, 0.000821935603685242, 0.000579249756396053, 
0.00082366054870403, 0.00152522922602406, 0.00073075588294089, 
0.000872070179936537, 0.00157944170745559, 0.000774057432903293, 
0.000481276629812567, 0.000594598651138833, 0.00118418198613211, 
0.000846858654864605, 0.00107839939995631, 0.000486821334486522, 
0.000382991913032039, 0.000814610591799685, 0.000559673281900514, 
0.000903112360285389, 0.00064827359485495, 0.000765245692219935, 
0.000903818870301532, 0.000598344006999981, 0.00131725745295712, 
0.000909051567427767, 0.00109598681936325, 0.00128740631775669, 
0.000307843425919512, 0.000686299447480757, 0.00100533604663389, 
0.00114175530440158, 0.000942879043831093, 0.000971327656160306, 
0.000898687382967763, 0.00075321569703132, 0.000852525763443788, 
0.000960275306975875, 0.000878793931387028, 0.000810153438380449, 
0.000714518602418418, 0.00160870601171374, 0.000871913875230813, 
0.00079249068667642, 0.000693108399052494, 0.000967143229637736, 
0.000784686862614323, 0.000757523891469725, 0.000307766385114242, 
0.000840685309700713, 0.000704949864644281, 0.000721746767987719, 
0.000898046845724399, 0.00066421277507902, 0.000902887062397233, 
0.00185810697445244, 0.000821808435735012, 0.0009467935446722, 
0.00195031286917295, 0.000860749398171165, 0.000535018124750632, 
0.000663189769326697, 0.00125914863837341, 0.000951828132630204, 
0.00114002190844945, 0.000547702840981896, 0.000442654666731524, 
0.000896315675754853, 0.00063935578170759, 0.000974549143843893, 
0.000738098571104842, 0.000783130291787734, 0.000907379135838647, 
0.000614673424070889, 0.00133148636204998, 0.00092311303327022, 
0.00109614493403182, 0.00130985242411019, 0.000323280158833009, 
0.000688155433754965, 0.0010253139182234, 0.00114942263068233, 
0.000922450037305441, 0.00096679144075233, 0.000918616509233715, 
0.00076490851362378, 0.000868839535603922, 0.0009698649402008, 
0.000902185043350545, 0.000828518247185191, 0.000731337819424255, 
0.00161477105781014, 0.000885064404607505, 0.000813809111798328, 
0.000706713366121222, 0.000977549515567364, 0.000786301921884607, 
0.000776750813036174, 0.000323275262337177, 0.000861594569791924, 
0.000722840097076084, 0.000740904574249435, 0.00089869170778423, 
0.000683045740623729, 0.000909235127529137, 0.00186848658842518, 
0.000826243870135919, 0.000955129886070079, 0.00196408881328869, 
0.000879777880616823, 0.000550245761881196, 0.000678279528550762, 
0.00126146457548792, 0.000954854459140369, 0.00113029392480529, 
0.00056671255816921, 0.000462437614697355, 0.00090246321439282, 
0.000659255014579938, 0.000979269601197739, 0.000755030590204635, 
0.00069358346058574, 0.0008007393498556, 0.000521027738691513, 
0.0011655756124998, 0.000820953032154756, 0.00093680370550604, 
0.00108781232417092, 0.000261037045731829, 0.000601231862396352, 
0.000888065059228557, 0.00095857821835806, 0.000792394258794956, 
0.00082785390129893, 0.000785921210932154, 0.00061449905890993, 
0.0007761487390956, 0.00083108347469682, 0.00076750051081519, 
0.000724535307572825, 0.000631064476146664, 0.00139652433479752, 
0.000778309440317006, 0.000699631692566625, 0.000618142285034659, 
0.000828146313312398, 0.000684310512813403, 0.000671840871718086, 
0.000262999618289771, 0.000713944403063256, 0.00062185000158809, 
0.000646798077038841, 0.000765559122219388, 0.000566457325658428, 
0.000784046443691153, 0.00139990964427207, 0.000673026101982806, 
0.000829215784872454, 0.00146099950516219, 0.000761912276306898, 
0.000478597182211269, 0.000570083911478835, 0.0011379470232556, 
0.000792641514687063, 0.00100338145728132, 0.000488329412812002, 
0.000384243938983023, 0.000771115233626855, 0.000549450324295289, 
0.000857130152351445, 0.000630688836389376, 0.00065799531104858, 
0.000774673805598523, 0.000482164829660898, 0.00109961141662619, 
0.000791070423322807, 0.000890071862602156, 0.00100960860483098, 
0.000240363310520337, 0.000584741303835849, 0.00082947325702753, 
0.00087813104365383, 0.00078367308246357, 0.000800120921576765, 
0.000728250263038462, 0.000563302776955027, 0.000743987211166703, 
0.000790176218130907, 0.000707967354249872, 0.000687789371286483, 
0.000592811466539961, 0.0013037104723536, 0.000747936036624643, 
0.000649735976104117, 0.00058703615903925, 0.000784279383277274, 
0.000665840610644803, 0.000633191748819032, 0.000242446481805452, 
0.000643302892499566, 0.000577533322457945, 0.000610786001667738, 
0.000730363519738232, 0.000522918279333592, 0.000748171134134696, 
0.00125279359113411, 0.000623638949305019, 0.000790394546995371, 
0.00126571053319984, 0.000714990989491176, 0.000453251127341587, 
0.000525402473739269, 0.00111465444680225, 0.000742286676874387, 
0.000989062748980066, 0.000457234331749268, 0.000352994051240865, 
0.000735253103401714, 0.000504009142729939, 0.000823546923379111, 
0.00059032284960257, 0.000743758775229681, 0.000895027177495006, 
0.000567545390616482, 0.0012487478499464, 0.000905514133389824, 
0.0010516015028381, 0.00123103696782467, 0.000306967311826634, 
0.00069036293549393, 0.000951818707567636, 0.00103617722150702, 
0.00095317205618166, 0.000961026890153755, 0.000843881985153721, 
0.000711493757607907, 0.000841628613751555, 0.000940897887532618, 
0.000824354675037966, 0.000795997931853033, 0.000690664442746132, 
0.00148149275167299, 0.000869058598861155, 0.000750631614208247, 
0.000677025635072813, 0.000945009484000593, 0.000791087469955916, 
0.000739007472599723, 0.000307205165527406, 0.00075916947952908, 
0.000665771917349642, 0.000705386951639792, 0.000873651817608885, 
0.000637724472056369, 0.000881772674416052, 0.0017278975081395, 
0.000775385321266285, 0.000922622056159642, 0.00170679254342332, 
0.000826378389773915, 0.00052805247958605, 0.000621213572532167, 
0.00126631940682009, 0.000905238309333438, 0.00115223130404568, 
0.000534951449343282, 0.000429908963064946, 0.000878239252182411, 
0.000604965932113425, 0.000955373500031944, 0.000722123581870155, 
0.00081727732102441, 0.000987349351890081, 0.00064030678667626, 
0.00138360972840577, 0.0010001558673208, 0.00117621991264785, 
0.00144048463371335, 0.000357953603867731, 0.000768892014198517, 
0.00106660953235559, 0.00118323148338885, 0.00106470474570477, 
0.00107972134807463, 0.000950730886266612, 0.000837577945835955, 
0.000927552522062184, 0.00107919066806202, 0.000928679781288384, 
0.000892224909032885, 0.000776602715099171, 0.00164768407121964, 
0.000975079279105328, 0.000841654561102689, 0.000752707301268626, 
0.0010868144792999, 0.000884678353319902, 0.00083272655239132, 
0.000356205337032486, 0.000868795150317828, 0.000743824586384307, 
0.000791538812377117, 0.000988664406066208, 0.000738388939379364, 
0.00099117117368601, 0.00216323335180966, 0.000903164329748726, 
0.00103392633078604, 0.00214142800704669, 0.000927864187997927, 
0.000590276178222808, 0.000699667362077579, 0.0013855297552955, 
0.00104466494173518, 0.00126719844367805, 0.000602487984164483, 
0.00049392391978614, 0.000993489346514783, 0.000693730259952363, 
0.0010604457682453, 0.00083530951694073, 0.000747825322952306, 
0.000892668530712685, 0.000568415993672998, 0.00127484072869814, 
0.000919584981519288, 0.00103482602887992, 0.00131898633351688, 
0.000300705082772918, 0.00069040528923399, 0.00098279726874103, 
0.00105846022695528, 0.000923100631059624, 0.000948029819507883, 
0.000859538274970955, 0.000728357954710569, 0.000863654582068344, 
0.00100170315597355, 0.000830724124272966, 0.000820408448764235, 
0.000706142727069387, 0.00151269320721217, 0.000906598579792293, 
0.000759683656409514, 0.000684736172904518, 0.000986528868097776, 
0.000790986135973175, 0.000759901572953568, 0.00029900037911454, 
0.000767907181301808, 0.000669482969107418, 0.000730853697536927, 
0.00088508150424433, 0.000654784161014498, 0.000891483371637071, 
0.0018699613560866, 0.000792738242324143, 0.00094284829638167, 
0.00187695831547017, 0.000849181039125312, 0.00053339072851964, 
0.000606943179929409, 0.00128226200879992, 0.000926392679300637, 
0.00113949327427739, 0.000543794615015942, 0.000428926917323914, 
0.00088545806765777, 0.000612568772522289, 0.00096087733762232, 
0.000742449361429881, 0.00069889393006652, 0.00082236987161262, 
0.000524458547636831, 0.00120205796361554, 0.00086264852125505, 
0.00092467352587558, 0.00123847412500175, 0.000267465098243733, 
0.0006423152627551, 0.000934820487758444, 0.000946550182423164, 
0.000818402737276961, 0.000841377657148787, 0.000779124364641852, 
0.000655418530840127, 0.000821411151456869, 0.00094641406092562, 
0.000759440456032735, 0.000765817263605406, 0.000664431241594767, 
0.00141190210370292, 0.000867915765557, 0.000696707699756158, 
0.000639654239173444, 0.000893353429855748, 0.000724315120777391, 
0.000710267812925663, 0.000264516916020701, 0.000680004612151884, 
0.000618436949047918, 0.000694171261967217, 0.000815142024482126, 
0.000598280170184098, 0.000810549647037714, 0.00156709875858701, 
0.00071810074615358, 0.000888386405707133, 0.00159986625603283, 
0.00079223663774881, 0.000496526640062042, 0.000534828668763115, 
0.00120396481111681, 0.000815681027224566, 0.0010428290665424, 
0.000504495017780652, 0.000385418163015694, 0.000798481409750813, 
0.000556789552711137, 0.00089229090563034, 0.000669097459836132, 
0.000839841569443823, 0.0009878337913944, 0.000682566176508444, 
0.00147135753683276, 0.00102962163972994, 0.00115887535164332, 
0.00163771499419008, 0.00038693550015465, 0.000807526654611813, 
0.00117746098377327, 0.0011786533497012, 0.00103270804223294, 
0.00104062253944579, 0.000936865686038793, 0.000915040549361135, 
0.000976502312483598, 0.0011841994281189, 0.000960535710826337, 
0.000921669913478272, 0.000848442209590808, 0.00172280658077904, 
0.00107319564680837, 0.000856101835082273, 0.000788860839880821, 
0.00107977566407674, 0.000897883757964817, 0.000888210326823662, 
0.000368532506791187, 0.00085762857838489, 0.00077460597602493, 
0.000863287201105518, 0.00104087458269006, 0.000798115527181216, 
0.00098828061057686, 0.00212304403020551, 0.000973313950354663, 
0.00111979305816172, 0.00215830447649305, 0.000979045455860724, 
0.000615688630630368, 0.000680810943274051, 0.00140460415662995, 
0.00100279226768455, 0.00124816789373197, 0.000629201470963204, 
0.00051060148910643, 0.00098780237063996, 0.000736279108968261, 
0.00109744163895443, 0.000855065790076577, 0.00119699802363355, 
0.0014003400465303, 0.00106653079096771, 0.00210840309514308, 
0.00143561661351356, 0.00175166417706413, 0.0025563867387011, 
0.000685431471579503, 0.00120033410387629, 0.00174022158743827, 
0.00179895604732467, 0.00154912680985155, 0.00154869307922088, 
0.00136076029900818, 0.0015383166065669, 0.00134980525387362, 
0.00174953224049991, 0.00146122447696162, 0.00130577225703971, 
0.00128917172679091, 0.00247441852939317, 0.00153900321326247, 
0.00126360733909713, 0.0011606116066858, 0.0015537566548069, 
0.00131953632622723, 0.00133115610239661, 0.000627979942325993, 
0.00134147790202786, 0.00116759202484661, 0.00126577492173745, 
0.00157753147993129, 0.00128907300920179, 0.00143968045570269, 
0.00353465279964227, 0.00157859613992257, 0.00165552121174456, 
0.00355340341840628, 0.00144316060824203, 0.000913589001957868, 
0.00107429535491163, 0.00188968556933915, 0.00149278959487514, 
0.00174568835670214, 0.00094252389111124, 0.000823386461805328, 
0.00146435819267425, 0.00118251747013877, 0.00159062256554723, 
0.00131274906592195, 0.00189840060258259, 0.00213123373748569, 
0.00183732158320991, 0.00322463050472251, 0.00216605908207377, 
0.00270400563337612, 0.00392750965643626, 0.00131443695420565, 
0.00190627424866303, 0.00267649513083637, 0.00282946493052282, 
0.00231681160957371, 0.00236436457290821, 0.00214307460686326, 
0.00261370645868564, 0.00203529932655969, 0.00270317821751674, 
0.00237958680582384, 0.00199810663875108, 0.00210974969842694, 
0.00364367113367544, 0.00234748701271180, 0.00202669096630614, 
0.00186304763327786, 0.00234225050251249, 0.00205019164426714, 
0.00216657280137797, 0.00119583349638334, 0.00224127741866436, 
0.00196499389626198, 0.0020241115400699, 0.00246226334816992, 
0.00214359692340271, 0.00220066268177352, 0.0052304889242054, 
0.00257794371772016, 0.00253274943411509, 0.00537586750940764, 
0.00226300593049446, 0.00152341040311379, 0.00184162678207478, 
0.00267637763057954, 0.00224949695543470, 0.00250858849647748, 
0.00158104685222558, 0.00145263870080685, 0.00225184060399779, 
0.00200375944912860, 0.00240773813766663, 0.002080038205565, 
0.00346057448843368, 0.00375867020430124, 0.00353937547632131, 
0.00525210352475147, 0.00380734033802544, 0.00458558850081357, 
0.00597717787745984, 0.00280095045945644, 0.00346689835021814, 
0.00452309069401421, 0.00480537556873468, 0.00384640171377267, 
0.00405704755604419, 0.00390961113464959, 0.00461077115269572, 
0.00358527826515068, 0.0044302058648925, 0.00427497250951421, 
0.00355382245488237, 0.00376390782842225, 0.00578934280166949, 
0.00395392552096524, 0.00374511132655208, 0.00345597883498551, 
0.00391965306464218, 0.00361591227551296, 0.00394980638132192, 
0.00267333973507511, 0.00413570649182335, 0.00370268122692865, 
0.00359858561774718, 0.00425771191372026, 0.00390579086718824, 
0.00381186771802447, 0.00746903400970045, 0.00448364356815549, 
0.00429866637671366, 0.00764989504935392, 0.00394476523734538, 
0.00302003259291147, 0.00363071594925808, 0.00429880192964718, 
0.00376704491160697, 0.00405875394589991, 0.00312949756703347, 
0.00298071085517485, 0.003914145610645, 0.00369360630588357, 
0.00411291781715761, 0.00367116971989417, 0.00843781902169591, 
0.00890964780894948, 0.00880897247628203, 0.0109080026718249, 
0.00898035203009462, 0.0100861418900999, 0.011265387217283, 0.00769113790362097, 
0.00844896955761406, 0.0098358612356389, 0.0103514120927634, 
0.00874253041669059, 0.00928335172116069, 0.00931992679125679, 
0.0102816017080785, 0.00853569023223256, 0.0095214327241981, 
0.00983999588189584, 0.00854545221974793, 0.00879111928156805, 
0.0116292493635636, 0.00894228956054305, 0.00903034740775618, 
0.0085076312875807, 0.00895276272103081, 0.00862025324119835, 
0.00933218520661543, 0.00763159789183734, 0.00969314938360972, 
0.00899573567917478, 0.00851752791583034, 0.00965811421676164, 
0.00918268785190608, 0.0088907558888611, 0.0131002178139874, 
0.0100315175424382, 0.00952777972474793, 0.0133671135013389, 
0.00904012698608752, 0.00794925562838847, 0.00910421067880528, 
0.00938837472668892, 0.00862613273732546, 0.00901476551057849, 
0.00813784706804497, 0.00799785686667742, 0.00911963348889694, 
0.00883352727795296, 0.00935100916842841, 0.00871088275640063, 
0.0274358650109763, 0.0281766240947544, 0.0282507971094817, 0.0308758009594688, 
0.0284220744958007, 0.0298832111422474, 0.0303565826907587, 0.0264881736441623, 
0.0274099602769741, 0.0290968123259902, 0.0300441796673945, 0.0275411099409325, 
0.0286818618074101, 0.0290229327933374, 0.0305782159208594, 0.0273422106485875, 
0.0286294209907217, 0.0298083343057419, 0.0275471709322607, 0.0277598400739294, 
0.0319485833828596, 0.0278002581384170, 0.02840415402635, 0.0276022098579543, 
0.0281418793257579, 0.0276823472715354, 0.0290894981366942, 0.0266574880420416, 
0.0296210284561017, 0.0283398130827922, 0.0272174140268961, 0.02940252958063, 
0.0287631956982994, 0.0281329318486429, 0.0331766223141179, 0.0300365324297086, 
0.0287595563453391, 0.033956732989744, 0.0282145111128148, 0.0267989114064614, 
0.0289320505755575, 0.0286237294433257, 0.0273180655265988, 0.0279957607922704, 
0.0270981608923947, 0.0270813309356458, 0.0286787300551145, 0.0281854772828513, 
0.0288246003400164, 0.0278611289376739, 0.090052174548994, 0.0908954895538971, 
0.0912776020003523, 0.0947531218713916, 0.092081474526124, 0.0935271191553187, 
0.0926902793668282, 0.0883457109662529, 0.0896992512179833, 0.0915272090163723, 
0.0931647667294798, 0.0894162689752543, 0.0916989341831121, 0.0925699055820906, 
0.0958016320304276, 0.0891022357658543, 0.0913045147670741, 0.0939708853295315, 
0.0899950497664926, 0.0902000790724545, 0.0966705376864408, 0.0895346170218285, 
0.0910773698484261, 0.090154028564698, 0.0910258337698749, 0.0902700993005072, 
0.0931326467676803, 0.08925571413506, 0.0936165941736438, 0.0908574631440906, 
0.0887338123373994, 0.0931157580337517, 0.0926894189870662, 0.0912280714705741, 
0.0976967538772953, 0.0942937522912829, 0.0913566410738014, 0.100507921821681, 
0.0912669818609466, 0.088755811996185, 0.0927332124694639, 0.0916081632819579, 
0.088890193536364, 0.0904592851302639, 0.0892347752809417, 0.0895865329763115, 
0.0925726583419826, 0.0918497198659572, 0.092182554017325, 0.0906413994061445, 
0.243798966810829, 0.244113453609225, 0.245063202408212, 0.250039893086484, 
0.248096585475352, 0.248424413735496, 0.245578307226969, 0.239977154700881, 
0.242352905122055, 0.244098633021009, 0.246621763846714, 0.241231154175475, 
0.245574317216933, 0.247381596263153, 0.254314780031532, 0.240549262838258, 
0.244867878390973, 0.250148591763021, 0.243181098607666, 0.243537852217121, 
0.253895018529315, 0.240602246287502, 0.243914339309389, 0.24320573321846, 
0.244940427915093, 0.243638501909232, 0.249245824837739, 0.24278690499374, 
0.249292684669827, 0.243250291556043, 0.239629956508567, 0.248105396378154, 
0.249027134529916, 0.245736385619685, 0.254429914190313, 0.250333703730001, 
0.244483288397937, 0.262302926355175, 0.246004087562908, 0.240603321000372, 
0.248012841434611, 0.245843526787246, 0.239984533642723, 0.243754310696918, 
0.241448892594721, 0.242605840426643, 0.24885630279858, 0.248185486658583, 
0.246887815238438, 0.244400304209911, 0.533916906500047, 0.532779470565692, 
0.534683118381555, 0.542005347077644, 0.542320991483868, 0.539693274967256, 
0.534173955329766, 0.52613608303278, 0.530123253066111, 0.531530360592126, 
0.534877483371923, 0.527971694024949, 0.535348028563843, 0.538564456576302, 
0.551686604860633, 0.52637773993614, 0.534522427727961, 0.543870479832372, 
0.532324100190963, 0.532925265493219, 0.549363168506432, 0.525535671292822, 
0.531540322185825, 0.531268290143161, 0.535311513336821, 0.532898870828666, 
0.542490157714398, 0.532397032746107, 0.541842620903451, 0.530068507879091, 
0.524366262452216, 0.539189760707993, 0.54309641004507, 0.53683290844098, 
0.54872243745605, 0.543119736386961, 0.533023021712818, 0.565457133754692, 
0.537709815394739, 0.526877791208307, 0.539870580393775, 0.536746836179714, 
0.525416118652621, 0.533328004195383, 0.52841195069043, 0.531210818848168, 
0.543254954084436, 0.543150190686495, 0.538024731549218, 0.53453494265409, 
0.993527739903665, 0.99011226507492, 0.993472015760475, 1.0038278426068, 
1.00826381305472, 1.00029298307893, 0.991658488611281, 0.980231135990617, 
0.985761768083823, 0.98645673633799, 0.990118705471824, 0.983204510220175, 
0.994081571595153, 0.99903057012809, 1.02054713357163, 0.979659022092665, 
0.993760533568085, 1.00841855878255, 0.990838883078995, 0.99139257745457, 
1.01630945063323, 0.977614980582734, 0.986631122528336, 0.98653283325202, 
0.996133747019977, 0.991324481547814, 1.00519758051955, 0.991228682737468, 
1.00408726293467, 0.984119142693455, 0.975785660368437, 0.998921796969818, 
1.00733837175434, 0.997429314547354, 1.01363000947325, 1.00521653616668, 
0.989719516548346, 1.04252230049313, 0.999091936163005, 0.98022305754836, 
1.00107052561587, 0.99790898306981, 0.978733150411412, 0.993057464987527, 
0.98285412066419, 0.98887672603463, 1.00920112798682, 1.01017458284617, 
0.998469972416444, 0.994902304642754, 1.64193354431975, 1.63592628521994, 
1.64133647843656, 1.65489976599745, 1.66531238195630, 1.64934940610299, 
1.63755321023031, 1.62266859751917, 1.62833797940342, 1.62773193723580, 
1.63062939415328, 1.6273533752152, 1.64117132578818, 1.64782110444612, 
1.67888531977861, 1.62015328705189, 1.64269859588162, 1.66312349107778, 
1.63860396606147, 1.63816108412848, 1.67374133778715, 1.61721553715086, 
1.62825134728547, 1.62722958537868, 1.64826397123888, 1.63865165473546, 
1.65530870583431, 1.63869687350454, 1.65480663655258, 1.62480355319885, 
1.61345984415912, 1.64593141455638, 1.65965378555191, 1.64647358266686, 
1.66814149052897, 1.65511870324470, 1.63345264154504, 1.71074651642627, 
1.64859174363971, 1.61970047896316, 1.65037461663697, 1.64936754832577, 
1.62050567888039, 1.64349715453158, 1.62387710033424, 1.63579699865626, 
1.66609308950188, 1.66843747990825, 1.64720228628789, 1.64610823109543
), .Dim = c(50L, 43L))
