riskspredict <-
structure(c(0.940451313875238, 1.13331203485605, 1.16573924001998, 
1.05968383797035, 0.895535698469543, 0.99962687695181, 1.17793962396004, 
1.02933668311024, 0.926616121215582, 0.881567536338537, 1.13332087355355, 
1.13325981486376, 0.953984679458315, 0.879474053618603, 0.857092919532637, 
0.86745630414794, 1.16900696146628, 0.978362899867859, 0.78686044200836, 
0.922145313110685, 1.15701907588541, 1.09621780166345, 0.938423458147222, 
0.885952253780902, 1.0325756182158, 0.94051827631565, 0.822150513704438, 
0.817674222831494, 1.1385289735239, 1.12662258877621, 0.97848807928771, 
0.878940086260433, 0.937575828850232, 0.952804948258948, 1.28000364067132, 
0.944025276869328, 0.894833009386825, 1.14345984528614, 0.999508270882603, 
0.904176465740889, 1.09770838168145, 0.888166791944227, 1.03903025609392, 
0.959772490216757, 0.860031511815847, 1.11258517017214, 1.01160470026475, 
0.989225097050446, 0.953466787199406, 1.06563007479236, 0.946125648528255, 
1.11928219236874, 1.16807365601729, 1.03155142895859, 0.89954691726051, 
1.02169839527391, 1.15919063872719, 1.03590279876673, 0.937592969728508, 
0.891633415402256, 1.14882048957263, 1.14455501094317, 0.95222169373092, 
0.888108003330325, 0.877239402998273, 0.85247675690123, 1.16944055549873, 
0.95459820957672, 0.770555081104558, 0.929842869963903, 1.16123345254813, 
1.10408582121175, 0.922172778016513, 0.908020241383377, 1.04219246731905, 
0.937762283989144, 0.834768840565522, 0.806520247379962, 1.1469170797988, 
1.1121170499806, 0.980942833029547, 0.887971297315897, 0.962585680059227, 
0.978745718484248, 1.27215150013931, 0.960714414704832, 0.898896862933512, 
1.12164858411281, 1.02676595247289, 0.904974698701938, 1.10680123698817, 
0.87769366596857, 1.05205672382046, 0.961848312429877, 0.857460133465815, 
1.11759026483697, 1.03284005745739, 1.00197392023314, 0.970152746022557, 
1.06461891720567, 0.949621651084827, 1.10393855355793, 1.16539371341289, 
1.0019420820122, 0.907158128526792, 1.04390289336117, 1.13951968047299, 
1.03845082167824, 0.947724380525397, 0.903685398234524, 1.15787927466659, 
1.15957165231566, 0.951440998915296, 0.895280862960692, 0.897237350513522, 
0.841133349594215, 1.16445776021601, 0.929205149857472, 0.75858560869718, 
0.935585247162274, 1.15986058940925, 1.11087386307942, 0.905008236822197, 
0.930340477206347, 1.04802454399089, 0.934910689870596, 0.846908319439986, 
0.799386756796042, 1.14986763541591, 1.094701170591, 0.9830155836029, 
0.898773914924064, 0.986316619679958, 1.004734846516, 1.26231154954061, 
0.978873940134237, 0.905996806370969, 1.09154561525058, 1.05086202399224, 
0.909104262600826, 1.11102345867921, 0.869659273857759, 1.06540367064973, 
0.9687979471765, 0.858105200602362, 1.121938673113, 1.05705684351869, 
1.01141126023658, 0.989871588743025, 1.06653826267927, 0.95466948973494, 
1.08942341689243, 1.1591535349996, 0.977936375767187, 0.913725848271922, 
1.06331797017162, 1.12408369501398, 1.03955919140401, 0.95696474098594, 
0.914274360143761, 1.1644291474717, 1.1725661570393, 0.951984390509517, 
0.901845624608338, 0.917769217394951, 0.832314880695616, 1.15872925144947, 
0.909199449653857, 0.74966377227276, 0.94318387106659, 1.15750495033086, 
1.11589562786125, 0.891494453329426, 0.949523550538031, 1.05172986386108, 
0.933420143506152, 0.859260609527926, 0.79453339029605, 1.15235564761614, 
1.07781971267781, 0.98621910744754, 0.90871539368719, 1.00829848976051, 
1.02694403911513, 1.25409745794394, 0.996683293054097, 0.911344625898386, 
1.06766799373066, 1.07376033534264, 0.912725669893049, 1.11370647971713, 
0.863380518345642, 1.07681393148467, 0.974926023798933, 0.859960661173546, 
1.12310278818035, 1.07681412244102, 1.0225800883671, 1.0055364976413, 
1.06765907939916, 0.965089200877115, 1.07777049696547, 1.15081980814324, 
0.965992817166024, 0.914488111465951, 1.07682452070683, 1.11778950388827, 
1.0418371835047, 0.965270305134941, 0.919797752117908, 1.17254191682923, 
1.17755471706188, 0.954199145121228, 0.908684457902306, 0.93958157870309, 
0.824981307883336, 1.15686035963715, 0.90105118572159, 0.74260103444969, 
0.956586290511734, 1.15876213050551, 1.11845958503761, 0.88595100577934, 
0.96192958257426, 1.05501333904712, 0.934741931254209, 0.872558999049803, 
0.790292246103495, 1.1594259346392, 1.06471782365291, 0.992088653936468, 
0.915050864034773, 1.02803889589223, 1.04124717767069, 1.25103637760045, 
1.01218925976245, 0.910055823970837, 1.06340779732348, 1.09762673603698, 
0.911950919846894, 1.11824035549065, 0.858205937902113, 1.08394181324988, 
0.97441838246791, 0.861018596495948, 1.11856311822346, 1.08416254988844, 
1.04076611628478, 1.00965529786618, 1.06424595699597, 0.983427868589576, 
1.07040471074635, 1.14151546643245, 0.969794970312323, 0.906788032450455, 
1.08222195052884, 1.12398159461196, 1.04724613176995, 0.972698212652775, 
0.918069647490821, 1.18462796088003, 1.17065455288776, 0.958347531151216, 
0.916164574923018, 0.963070125448897, 0.818672227891981, 1.16216025769548, 
0.908524268013757, 0.736865146414285, 0.97840442644253, 1.16631060555546, 
1.11827431444569, 0.890922174672473, 0.965296915901728, 1.05914184740339, 
0.939910318420013, 0.887336063390206, 0.785896168246438, 1.17406141489504, 
1.05733768337193, 1.00165241098406, 0.916041035923709, 1.04531159677469, 
1.04502409402934, 1.2555044416907, 1.02397502936095, 0.899408187642063, 
1.08746519559142, 1.12391061975882, 0.904658017554704, 1.12655362046288, 
0.853936216465489, 1.08526516878603, 0.963703619873008, 0.86021481805659, 
1.1070442784808, 1.07433996610101, 1.06954062339991, 0.9977873107766, 
1.05421928495819, 1.00693595821352, 1.06679849415449, 1.13116844940406, 
0.983487719149282, 0.895621855987257, 1.08104572042953, 1.14044704444434, 
1.05531492339965, 0.979674513136377, 0.912296370492148, 1.19661126803622, 
1.15588788282486, 0.964353640567754, 0.922664895838735, 0.98708504488793, 
0.81488431838451, 1.17331889616184, 0.925762169746058, 0.734111438336867, 
1.00549915806137, 1.17572950255621, 1.11650097573147, 0.902576896701518, 
0.962817717002945, 1.06369639730453, 0.94838113788447, 0.903241853056816, 
0.783723956501987, 1.19123538750773, 1.05337241925861, 1.01393874523267, 
0.913846444672309, 1.06094144497283, 1.04163878890023, 1.2657383235296, 
1.03296899779706, 0.884347477637663, 1.13126208682225, 1.15076557677328, 
0.895083945298402, 1.13502657381946, 0.85195159981086, 1.08241653150838, 
0.94729937352346, 0.859969847551305, 1.09153754823603, 1.05446757132323, 
1.10481467074954, 0.976621399132744, 1.04134137266578, 1.03137011385071, 
1.06602754131033, 1.11944929968307, 0.998965428403968, 0.887526285572784, 
1.07579057351691, 1.16376867361394, 1.06500478470408, 0.986723045601625, 
0.906889226600922, 1.20274495420836, 1.13900530703266, 0.97206881019097, 
0.926061966147836, 1.0099874520278, 0.815546760591812, 1.18797130774581, 
0.944500884685103, 0.736493070563638, 1.03302497363102, 1.18083219696325, 
1.1146320502831, 0.915540949721908, 0.959007974300795, 1.06785996952693, 
0.9592484880463, 0.91968783183984, 0.786859953979751, 1.2037701008161, 
1.04962995186597, 1.0274728434527, 0.91153526665245, 1.07606232489485, 
1.03592428295611, 1.27902472575953, 1.04071293922671, 0.871291532761078, 
1.18136839822297, 1.1753624028905, 0.888754499802557, 1.13865217939355, 
0.853993205427025, 1.07777690619826, 0.931335463322237, 0.863504704318992, 
1.07587208895003, 1.03410358171294, 1.14011269057196, 0.955045048125377, 
1.03053699116183, 1.05208216752785, 1.0671982196936, 1.10604778017559, 
1.00770636035787, 0.888836443988275, 1.06897361058998, 1.1903993408666, 
1.07524879361347, 0.9943831423191, 0.906173717779302, 1.19722336828213, 
1.12549264626844, 0.981348309425045, 0.924223668758791, 1.02999147876863, 
0.822651377286974, 1.20367864490942, 0.955893623140537, 0.746275569378877, 
1.05560757623771, 1.17535985787881, 1.11415231813091, 0.924177068050214, 
0.958351502161649, 1.07080319017557, 0.971585424241967, 0.936041646895846, 
0.798516699747323, 1.2042286110327, 1.04297409376648, 1.04070771742008, 
0.91215580331455, 1.09187957270579, 1.03266763848983, 1.29257353119306, 
1.04880761554716, 0.866314611579934, 1.22214750926512, 1.19464378251662, 
0.89106816057689, 1.13240155948602, 0.861863207404558, 1.07370873075328, 
0.92157259898133, 0.874127196953991, 1.06367745978592, 1.02218458478043, 
1.16812822501149, 0.94127557627129, 1.02654364533001, 1.06478982184264, 
1.06939979682843, 1.09080190699298, 1.00250896496752, 0.904785649530882, 
1.06269754105715, 1.21676036191088, 1.08499480805948, 1.00305621578506, 
0.913589383782524, 1.17579008837392, 1.11975550024722, 0.991912993180998, 
0.915572731637278, 1.04556591418807, 0.837789954175175, 1.21807696856243, 
0.95235894094965, 0.765394268848188, 1.06831909938106, 1.1546324865667, 
1.11630167631038, 0.92363869226533, 0.964527062482613, 1.07184893984584, 
0.98446237582187, 0.951668242524196, 0.821467382023812, 1.18687359315233, 
1.03095897767572, 1.05220306697824, 0.918331056154391, 1.10925651280564, 
1.03581229378438, 1.30393537228162, 1.05877709649123, 0.874279636512766, 
1.23869345074326, 1.20582704957021, 0.906539644898248, 1.11259104246705, 
0.877035688307818, 1.07221264782499, 0.922586012498763, 0.89458544858204, 
1.05776334231327, 1.02583816202788, 1.18211403045624, 0.941797283898046, 
1.03318044375563, 1.06957496764774, 1.07154551647571, 1.07433678957928, 
0.986054891945672, 0.9328394666191, 1.05670881388388, 1.24061479384192, 
1.09349301467138, 1.01217996159269, 0.92700592225591, 1.14224246391373, 
1.12093512554162, 1.00261931245391, 0.90160056859167, 1.05746360988142, 
0.859044755573236, 1.22993064327464, 0.936539210941017, 0.792156036733438, 
1.07157347654701, 1.12242536625931, 1.12080076318568, 0.915212643891924, 
0.976248610955551, 1.07131436350465, 0.997140595972524, 0.966163303238532, 
0.853654737413462, 1.15572837660963, 1.01496918491391, 1.0616340406856, 
0.929965094661932, 1.12648009302489, 1.0443832031306, 1.31343757262319, 
1.07139457520377, 0.892875315950528, 1.23307605242954, 1.20871723713576, 
0.93323628261735, 1.08254783145081, 0.89808588994694, 1.07322603523727, 
0.932798617901254, 0.922625387892154, 1.05673486730156, 1.04310843655056, 
1.1826130868149, 0.95485891121914, 1.04867844104125, 1.06841151723333, 
1.07247374039663, 1.05754051854563, 0.964824490142702, 0.967164161162713, 
1.04987565021059, 1.26021790326872, 1.1001057496, 1.02079157817834, 
0.942022767460999, 1.10316754911925, 1.12626275944626, 1.01194173957413, 
0.884918818224237, 1.06742868339685, 0.882923199997232, 1.23845134965154, 
0.915080464693638, 0.823177564099325, 1.06811534235803, 1.08543659418312, 
1.12678386020493, 0.902619317156384, 0.990257826340602, 1.06990477265233, 
1.00893663102385, 0.979209907942046, 0.890728920576444, 1.11832100324312, 
0.997756411556056, 1.06913262530456, 0.945928186489708, 1.14070325495243, 
1.05550284120055, 1.32253662150239, 1.08716535193941, 0.91693780073086, 
1.2149527394308, 1.20426855153887, 0.96652858173102, 1.04801761415235, 
0.922315192479436, 1.07590648699987, 0.948344369601536, 0.953687439595187, 
1.05765611254022, 1.06866903913015, 1.17340814289742, 0.975729117829454, 
1.06908040546171, 1.06339407392478, 1.07102144684743, 1.04125067134757, 
0.944950689649545, 1.00119107057179, 1.04109513772394, 1.27376366751028, 
1.10418907477184, 1.02789534661625, 0.953983860996053, 1.06454087875559, 
1.1329859209145, 1.01830172452719, 0.868008759468164, 1.07729762146089, 
0.905566105551788, 1.24285596065489, 0.89428940499512, 0.854573551832234, 
1.06082592832307, 1.04973494307852, 1.13337391764727, 0.889491926220087, 
1.00313995727249, 1.06832633734108, 1.01913744703371, 0.99048340401357, 
0.92760629695671, 1.08154078375835, 0.98191583434836, 1.07484833277064, 
0.965072070655192, 1.14895223648824, 1.06620403617289, 1.33273558094216, 
1.10664366864983, 0.940886692800597, 1.19408409275273, 1.19356890402344, 
1.00125029343781, 1.01422805789656, 0.94675953882214, 1.07941250167579, 
0.965233480350397, 0.982612799276308, 1.05760717449639, 1.09693008086315, 
1.15848239548147, 0.999520119268113, 1.09021642774038, 1.05665335482472, 
1.06633912095103, 1.02639073331121, 0.931824946874985, 1.02797280999189, 
1.02949506618727, 1.27969061086655, 1.10523416591459, 1.03262266391615, 
0.958464132411312, 1.03136112285553, 1.13853404513428, 1.02033853003278, 
0.85312479743536, 1.08889516288095, 0.923089464471357, 1.24256542791239, 
0.879673715745824, 0.882158343670975, 1.05253949702741, 1.02042137936027, 
1.1397912232579, 0.879171056066249, 1.01164529372831, 1.06730623764917, 
1.02713254927712, 0.999781093050255, 0.958762343118633, 1.05117937854933, 
0.969866234906887, 1.07902347232351, 0.98622420895619, 1.14868186426595, 
1.07367687965255, 1.34553719522486, 1.13034081579972, 0.959038763715957, 
1.17926674403545, 1.17795782327422, 1.0318731422887, 0.985619594628885, 
0.968372574030273, 1.08296691104286, 0.979520955509543, 1.00408682796328, 
1.05405020762795, 1.1221412723772, 1.1417243831903, 1.02125658383036, 
1.10793207955269, 1.05044727391603, 1.06090772270349, 1.01534675419445, 
0.927542588629398, 1.04624165832252, 1.01631216553753, 1.27919620886537, 
1.10419898563137, 1.0357831780212, 0.956041714127726, 1.00561467517651, 
1.14287335947151, 1.0193757776218, 0.841784118790833, 1.10316539165394, 
0.935551148490556, 1.23903365049809, 0.873330616356724, 0.904814928278396, 
1.04558634490164, 0.99953156336779, 1.14654279147444, 0.873665469326158, 
1.01624408547931, 1.0678432704052, 1.03370240374081, 1.00832029591551, 
0.982884307920943, 1.02937937620411, 0.963731913675525, 1.08280268299651, 
1.00859311366593, 1.14239108399712, 1.0781209318113, 1.36195942847883, 
1.15760169461819, 0.970691089289862, 1.17385430481603, 1.16076118783533, 
1.05671705628705, 0.96430707300409, 0.98654455503855, 1.08658794378242, 
0.99051676065352, 1.0176835275108, 1.0486958268945, 1.14252695164839, 
1.12645446545458, 1.03942606125641, 1.12162588689019, 1.0470851235097, 
1.05923447038321, 1.01137517346541, 0.932421871534382, 1.05888302717622, 
1.00400842828444, 1.27525488815143, 1.10296181147591, 1.03926671339333, 
0.95054490633521, 0.987673034203078, 1.1476040292842, 1.01843180947637, 
0.835082228080162, 1.12049934176823, 0.94576310003660, 1.23497493129723, 
0.87551573132449, 0.923711765354404, 1.04196877041287, 0.987481988589817, 
1.15497347946044, 0.874241389212699, 1.01985665208838, 1.07111564183979, 
1.04054073969184, 1.01826406624248, 1.00183919072493, 1.01633959455438, 
0.965538077647688, 1.08791171400002, 1.0316210283742, 1.13570295260802, 
1.081701837668, 1.38273850647446, 1.18692652320956, 0.97863182560959, 
1.17811699842873, 1.14636995190424, 1.07693732966985, 0.951161805160004, 
1.00238852172101, 1.09080193350242, 0.99973845868142, 1.02646440717301, 
1.04586572505969, 1.15911196019085, 1.11558388734582, 1.05492943209923, 
1.13312828446903, 1.04886348104236, 1.06585739062445, 1.01780539592807, 
0.947023604605364, 1.06914078241644, 0.99495144174255, 1.27088102410313, 
1.10341058150161, 1.04500778918088, 0.945831810934897, 0.97798834022437, 
1.15437987379691, 1.02054847668523, 0.834133928030277, 1.14132026241396, 
0.956749255671827, 1.23309631440648, 0.886700551232794, 0.9402443222974, 
1.04367943403246, 0.984839463355096, 1.16648530781745, 0.882267275523442, 
1.02550001468915, 1.07833498501389, 1.04940256801731, 1.03187960609054, 
1.01783807560124, 1.01240555802054, 0.977490150676948, 1.09612109299641, 
1.05470170085107, 1.13418890067218, 1.08665463225895, 1.40867993487977, 
1.21665018446283, 0.985874644900482, 1.19251421448932, 1.13899176510538, 
1.0939310318255, 0.94715063238781, 1.01715209004349, 1.09615191097001, 
1.00881614686531, 1.03376881490261, 1.04989102624204, 1.173088145312, 
1.11193987701651, 1.06879840414944, 1.14441185336145, 1.05800344400606, 
1.0852945905935, 1.0380526523874, 0.972056156452677, 1.08032137243134, 
0.991331244758754, 1.26890584504054, 1.10730864952261, 1.05487816952185, 
0.94556721389627, 0.977055031278256, 1.16480885225174, 1.02864461269272, 
0.840037052383163, 1.1660177832857, 0.97153729731593, 1.23592912652884, 
0.907491268835039, 0.955882926890667, 1.05265208082843, 0.992274256378014, 
1.18244442434608, 0.89916797053645, 1.03612536240483, 1.0906516584964, 
1.06200527140639, 1.0514352562866, 1.03319761100041, 1.01801115352586, 
1.00195227332124, 1.1091649629071, 1.07716438853771, 1.14317983646883, 
1.09514619624643, 1.44054133902691, 1.24495119846869, 0.995442064733735, 
1.21753668659543, 1.14258504203429, 1.10917761316879, 0.9533127136442, 
1.03210238822131, 1.10312733280528, 1.01938207915043, 1.04292602760534, 
1.06502954674278, 1.18569145710256, 1.11823424095214, 1.08210079080246, 
1.15745644312536, 1.07343925114573, 1.11616498291554, 1.06998513656692, 
1.0044231611561, 1.09326423925257, 0.99280331617043, 1.26866213839129, 
1.11339193568945, 1.06816823258474, 0.950483254559163, 0.98286898937036, 
1.17843657877333, 1.0419178688476, 0.851381975058026, 1.19302931499359, 
0.989945232054913, 1.24219904207576, 0.935111225789733, 0.97057506909752, 
1.06780702707985, 1.00749074764811, 1.20177736521074, 0.922839337372445, 
1.05154187695335, 1.106303022717, 1.07772534218032, 1.07600622962604, 
1.04806208125414, 1.03071966783779, 1.03646166126785, 1.12637134064574, 
1.09806240493004, 1.16235132189236, 1.10679742596125, 1.47573349678187, 
1.27019769573309, 1.00819761293213, 1.24824267042865, 1.15608639973412, 
1.12279595599061, 0.967609439310129, 1.04699596125001, 1.11068866166816, 
1.03170339121733, 1.05423104155952, 1.09047472358781, 1.19715516646296, 
1.13311798261254, 1.09511911938596, 1.17252199764652, 1.09061257452632, 
1.15046570275291, 1.10508410077566, 1.03645315988813, 1.10620869099772, 
0.996523027968466, 1.26600974103745, 1.11730011271981, 1.08144461620125, 
0.958409496673466, 0.99080981346785, 1.19264090051407, 1.05566176512534, 
0.864072567714228, 1.21860150934156, 1.00831935081409, 1.24675944497277, 
0.962765458768403, 0.982614542619468, 1.08485822592243, 1.02492743233508, 
1.22077509784461, 0.947135844396614, 1.0682401434092, 1.12039849409118, 
1.09344026256845, 1.10112160501697, 1.06023065726768, 1.04497018149322, 
1.0728252205974, 1.14449248333804, 1.11616082136545, 1.18545881864942, 
1.11857396988945, 1.50788975075408, 1.29101286410077, 1.02275067849709, 
1.27345115421354, 1.17325082348279, 1.13344180838067, 0.98464687813352, 
1.05996723212755, 1.1162155728147, 1.04461059811711, 1.06480842671924, 
1.119885383563, 1.20664992785272, 1.15096820031511, 1.10729715663283, 
1.18804946972316, 1.10454953432555, 1.17897491165617, 1.13348802443685, 
1.05931414500114, 1.11719577822259, 0.999526951923475, 1.25670440854388, 
1.11449073633139, 1.09099161965374, 0.96701762500707, 0.996042040664253, 
1.20458391514316, 1.06476953838861, 0.873680300917065, 1.23857290638803, 
1.02258628691125, 1.24423403605879, 0.98269865183382, 0.990157439038986, 
1.0991347596733, 1.03854680047802, 1.23538452729285, 0.96510966487376, 
1.08235629486991, 1.12767634668655, 1.10574081899904, 1.12174294167403, 
1.06731434039277, 1.05480053698373, 1.10147077981016, 1.15996739432545, 
1.13015873459567, 1.20558071379037, 1.12720239677428, 1.52994951567042, 
1.30599996468805, 1.03753934362593, 1.28089424264038, 1.18732185110306, 
1.13967669076591, 0.998567544062172, 1.06899661712523, 1.11697597746632, 
1.05681318240385, 1.07153206805685, 1.14605793222021, 1.21328203764495, 
1.16568182107656, 1.11801872651607, 1.20231751316289, 1.11008248138117, 
1.19171632094484, 1.14452041102017, 1.06369265668414, 1.12419814579202, 
0.998845202962046, 1.23674375948005, 1.10059763740041, 1.09301815153896, 
0.973913137353378, 0.993693842162649, 1.21134322188445, 1.06404741810844, 
0.875646536069971, 1.24861687409654, 1.02851164279455, 1.22942198646604, 
0.98674817558027, 0.99136580418563, 1.10576926883685, 1.04208999057299, 
1.2414215801814, 0.969458106926012, 1.08986505148707, 1.12288005713657, 
1.11110899410755, 1.1325458303397, 1.06693412042695, 1.05412458301411, 
1.11204409108098, 1.16907261565175, 1.13874745555248, 1.21540516322939, 
1.12934981069487, 1.53465463482088, 1.31379265606065, 1.05091017265112, 
1.25870863286918, 1.19130104446859, 1.14007884643824, 1.00326662236509, 
1.07204076802487, 1.1103045729033, 1.06695867395671, 1.07124675257075, 
1.16120077443054, 1.21615280343186, 1.17091658192314, 1.12664426542997, 
1.21351943643013, 1.10448564678266, 1.18417097221527, 1.13378399188209, 
1.04701960776872, 1.12525815322304, 0.9930327259967, 1.20527440176769, 
1.07463257742252, 1.08560954553542, 0.977197441102132, 0.982005109855885, 
1.21123629282323, 1.05143038789338, 0.86817134372234, 1.24703451437938, 
1.02386359288259, 1.20076550267415, 0.972581399466358, 0.985112798373968, 
1.10192675226562, 1.03357948706946, 1.23646538685126, 0.95779593452524, 
1.08851770662279, 1.10445736417514, 1.10736781063067, 1.13114504972773, 
1.05774398269433, 1.04084160572345, 1.10068742344317, 1.16905747787991, 
1.1413598095673, 1.21110556755729, 1.12318623210672, 1.51823492645382, 
1.31400843036444, 1.06101701291384, 1.20668605103172, 1.18182982383597, 
1.13352563147877, 0.996348809738975, 1.06765162172674, 1.09559659921302, 
1.07346777342553, 1.06216966689774, 1.16110219906301, 1.21415769694213, 
1.16350293049497, 1.13216876374008, 1.21941206207571, 1.08914148148285, 
1.1612412970776, 1.1075605566977, 1.01751549587107, 1.1186251171814, 
0.98308956133314, 1.16598934908724, 1.04057109172562, 1.06991675680124, 
0.975862836882915, 0.964128407356852, 1.20466598213858, 1.02984325517335, 
0.853933139846816, 1.23648364674251, 1.0097782685916, 1.16210871208395, 
0.94722472378778, 0.971420336266281, 1.088252513704, 1.01797577556158, 
1.22106454869118, 0.93571695327381, 1.07909331385595, 1.07656464818035, 
1.09461807907563, 1.12014250682458, 1.04004995730595, 1.01918603470987, 
1.07445491122167, 1.15893912539699, 1.13863812701781, 1.1948591468857, 
1.10934872030679, 1.48267158829546, 1.30782424202, 1.0657886065089, 
1.1408203477633, 1.16159013477024, 1.11938611436927, 0.98153375116968, 
1.05538191263442, 1.0753831025473, 1.07445863067257, 1.04474454244122, 
1.14794699714601, 1.20588927230947, 1.14558190503026, 1.13302089554459, 
1.21714754734672, 1.06597427281458, 1.12894270523889, 1.0732389401439, 
0.984096951101744, 1.10273752667502, 0.97024561064416, 1.12275561561841, 
1.0026083416228, 1.04748447056337, 0.96904257338879, 0.943571355419548, 
1.19230935027214, 1.00267595142891, 0.83601514604064, 1.22012670845387, 
0.98788240066244, 1.1176339497293, 0.918337705066903, 0.95056778306391, 
1.06591640983256, 1.00075859738699, 1.19625212345712, 0.909445462476077, 
1.0627850083426, 1.04376103978331, 1.07335952642868, 1.10274040098787, 
1.01448110289943, 0.993860232007004, 1.04143362471138, 1.13815289547492, 
1.1313992952901, 1.16961418991319, 1.08881225919062, 1.43099325374164, 
1.29662736444433, 1.06316699373453, 1.07637888445636, 1.13392670585295, 
1.09724001789564, 0.963087923794648, 1.03504909603307, 1.05239600992886, 
1.06808612341725, 1.01977249687894, 1.12482838532425, 1.19003128333656, 
1.11992484827488, 1.12762161861784, 1.20397678373812, 1.03697005106226, 
1.09304130285686, 1.03771212124457, 0.95478485378797, 1.07633703054111, 
0.955705591757857, 1.07903789866266, 0.96450637915814, 1.01990043224619, 
0.955979542082586, 0.923615642037455, 1.17490774783918, 0.973141975630864, 
0.817345073030283, 1.20108247104644, 0.959895914301664, 1.07114708104276, 
0.892866068344884, 0.922995683785724, 1.03624219937799, 0.987099761419506, 
1.1632362662976, 0.884709172312267, 1.04087126048857, 1.01024049182895, 
1.04427933520729, 1.08210612811942, 0.9818290073258, 0.969227924771967, 
1.00908815678753, 1.1064752306059, 1.12049921024151, 1.13835324246948, 
1.06263064410036, 1.36655306090819, 1.28182664018233, 1.05124612646683, 
1.02566260569718, 1.10209846412392, 1.06688685397324, 0.94506225193873, 
1.00668519231037, 1.02919302372105, 1.05267933527348, 0.988186950838071, 
1.09493469727209, 1.16547254632086, 1.08928723773929, 1.11451172872628, 
1.17752414222132, 1.00412860621934, 1.05764147630497, 1.00528298297656, 
0.933727440844588, 1.04001476901043, 0.940450284099154, 1.03698875665612, 
0.92846863235089, 0.988825086029975, 0.936872434612703, 0.9064636232522, 
1.15268851176968, 0.943613772248382, 0.799858000470117, 1.18060341969094, 
0.927608959511372, 1.02536755852919, 0.874464891840203, 0.889812407787033, 
1.00102270696079, 0.979875057268044, 1.1235990273968, 0.864742695979413, 
1.01474118032511, 0.978318039532758, 1.00888237217747, 1.06005340201418, 
0.94358914580317, 0.948029603481948, 0.981790500536113, 1.06527885275198, 
1.10606822708282, 1.10378038612998, 1.03216282178511, 1.29374048236957, 
1.26355301140998, 1.02966404794858, 0.993911305382672, 1.06876815626842, 
1.02928138433022, 0.930047321376763, 0.971399970303086, 1.00674251978944, 
1.02771380003227, 0.951565357736523, 1.06098053785431, 1.13247446186634, 
1.05603005876029, 1.09329954990614, 1.13792927895529, 0.969470354230411, 
1.02359330813581, 0.975183087622883, 0.917208376008748, 0.998185153122, 
0.924967575557195, 0.996333680057135, 0.89374735445676, 0.956082061657403, 
0.914057950181936, 0.892074450661598, 1.12454582098609, 0.914829516282481, 
0.78338917874005, 1.15549837858357, 0.892910835920163, 0.981141132318103, 
0.860007391358673, 0.85346119310304, 0.962978172185772, 0.976681738776855, 
1.07958875158659, 0.847648404645457, 0.98596945285731, 0.94649241008133, 
0.970338971773294, 1.03525906608247, 0.902673928681269, 0.929671674148216, 
0.95775225912036, 1.01911930461532, 1.08639084384555, 1.06802290581255, 
0.999411720000534, 1.21893392858889, 1.2387649572254, 1.0015026698175, 
0.97368626729295, 1.03543493679751, 0.987743691833054, 0.917462106381989, 
0.932502949872627, 0.982427321661017, 0.995107700235883, 0.912820356644187, 
1.02458531151427, 1.09422386652628, 1.02171056755471, 1.06597634650115, 
1.09054808442161, 0.934828030208252, 0.991210106675923, 0.946023424992205, 
0.900660321842815, 0.955376595876413, 0.909646971741527, 0.956510372180435, 
0.859291272402988, 0.92335159829706, 0.890056245397854, 0.88009542859735, 
1.08937393769747, 0.887227720968534, 0.767482867567381, 1.12221710404413, 
0.857530963821747, 0.93894969957231, 0.845606401544322, 0.816330505614319, 
0.924688450740365, 0.974378988264708, 1.03337326264831, 0.830937648089528, 
0.956050999857956, 0.912908265792614, 0.931732294134631, 1.00608293503192, 
0.861859150441339, 0.913131395586512, 0.93448180144183, 0.972503832536383, 
1.05965174288146, 1.03292582410972, 0.966302495354564, 1.14773416119529, 
1.20425237954017, 0.970217668099115, 0.956641266061241, 1.00329046115359, 
0.945589866349476, 0.906294750296266, 0.893272306100208, 0.953349256840365, 
0.957134490769668, 0.874719287861764, 0.98708492082866, 1.0540875139645, 
0.987630049235097, 1.03483654226532, 1.04099493270659, 0.901801285206304, 
0.960761475232276, 0.916572939287932, 0.879854820332272, 0.91546448578824, 
0.89485300211104, 0.917042278642982, 0.824208002959657, 0.892108195030056, 
0.867162863868157, 0.87020724685635, 1.04637915474228, 0.861192577859695, 
0.751718905337291, 1.07779164013915, 0.822974308428697, 0.899186118302049, 
0.82764317640053, 0.780468882647693, 0.888377430758287, 0.969873289319045, 
0.986861624230754, 0.81231847683841, 0.926333999750972, 0.875994175022036, 
0.895713664306332, 0.971140343265992, 0.8234849751953, 0.897464306950097, 
0.909725725303545, 0.929237319083537, 1.02435893516505, 1.00010772063144, 
0.934536541113492, 1.08454208948496, 1.15739382193892, 0.938948636506602, 
0.93512178505888, 0.973382358800874, 0.905657019451276, 0.895589124497752, 
0.856510825682396, 0.9170274804982, 0.915933619581072, 0.839611327292672, 
0.949665734719387, 1.01503542165998, 0.954932278685405, 1.00201367971, 
0.994069649644992, 0.871418097446682, 0.932213434616294, 0.88605530536283, 
0.852022017054031, 0.880797560425585, 0.880833245012768, 0.877637454701542, 
0.788158804378323, 0.863365999180823, 0.846828169281668, 0.86212480880547, 
0.995863024393152, 0.836855351561988, 0.73580282801345, 1.02158559377402, 
0.790134081362968, 0.862124409539166, 0.803704474289294, 0.747129432250346, 
0.85544689154296, 0.960905942548364, 0.941505987386632, 0.790213513846348, 
0.89779861897279, 0.835209092124976, 0.863921891768126, 0.930056101862713, 
0.788910960553375, 0.881984879379727, 0.881975864642117, 0.891624853423054, 
0.9803875624052, 0.970522422167973, 0.905345574356371, 1.03163508219178, 
1.09796058278187, 0.90976190104355, 0.904050459479691, 0.94637595725049, 
0.86974876010307, 0.884605251377299, 0.823931200335244, 0.87263559809642, 
0.87326260307696, 0.808831912399325, 0.91314466536865, 0.97915812003203, 
0.924357312448162, 0.969175452738004, 0.952748133934744, 0.843076894307434, 
0.904402079612307, 0.855083554401459, 0.819202967831506, 0.849546287598023, 
0.867417815589476, 0.83849353574683, 0.752540076921814, 0.836879632959479, 
0.827725742518636, 0.85561724059528, 0.94133412580097, 0.81345672449957, 
0.719859423117473, 0.959742622300145, 0.758133579951776, 0.827806731053917, 
0.775425132117636, 0.715422356693514, 0.825041066201925, 0.94865539392585, 
0.897785308931216, 0.765375285547119, 0.870397264824164, 0.79315798865731, 
0.835167448249322, 0.88554374457297, 0.756838709548573, 0.866887583559773, 
0.852059136892377, 0.858028768510812, 0.931790872639514, 0.943051365885416, 
0.87873030324077, 0.986028316822922, 1.03272993328083, 0.881473192101574, 
0.866989266504049, 0.921770067503765, 0.836957510096577, 0.873374061412576, 
0.794264300596277, 0.82427738387328, 0.829967046015508, 0.780805616672583, 
0.877323951351059, 0.946267509592205, 0.89546592379809, 0.936729264935917, 
0.915257511365704, 0.815852309227906, 0.875996958292013, 0.824540515335756, 
0.784452700890632, 0.819121957963796, 0.854338715489772, 0.799900957737767, 
0.718956038364223, 0.812129974296536, 0.807942306124781, 0.850477760169264, 
0.886595570775701, 0.790085655756166, 0.704109443453561, 0.899037808305494, 
0.725803528284626, 0.796209441828362, 0.745321332011618, 0.684088403369, 
0.795874011689634, 0.935179769053594, 0.855899697768873, 0.739085879004567, 
0.843843562725604, 0.752802490095331, 0.807725935822016, 0.840729562796865, 
0.725524883655734, 0.852577636135666, 0.82130358619634, 0.826106065572816, 
0.883114920668365, 0.916177008514168, 0.854402954781476, 0.943985902431446, 
0.969073310514124, 0.852245929961889, 0.829241925614005, 0.898823889067436, 
0.805860105533923, 0.862123938930365, 0.76569484980936, 0.776621718707288, 
0.786610741210099, 0.753449048383899, 0.841801580754835, 0.915667921961251, 
0.86758031929198, 0.9047529819301, 0.878965432550756, 0.788930073836708, 
0.84583747928691, 0.79519377723554, 0.750430048609923, 0.787290284867605, 
0.841343634963273, 0.762110234805098, 0.688731023684867, 0.7886538005919, 
0.785747721611642, 0.846510908241948, 0.834735281012358, 0.76593390812113, 
0.68875513812986, 0.844787301709231, 0.692179601843455, 0.767300965962845, 
0.71561162736231, 0.65208115429916, 0.766829098923078, 0.922439852745841, 
0.816004599540921, 0.712499392118322, 0.817882255192608, 0.716548542580073, 
0.780087768175754, 0.798214764745557, 0.693498458891138, 0.839433751116715, 
0.790883989095471, 0.79384215064738, 0.838102625823082, 0.888548162479267, 
0.832105872374586, 0.902368021177333, 0.912791935080076, 0.820491766577208, 
0.795326066292964, 0.876867832873084, 0.775228389886079, 0.851072043358791, 
0.73665404058655, 0.733410611774543, 0.7436864042172, 0.724957914179154, 
0.806244204675926, 0.88674458137882, 0.84010067114769, 0.873316229190876, 
0.841633419596289, 0.762229802131598, 0.813849098141385, 0.768226843318678, 
0.719695934614423, 0.753056073128812, 0.82874730484377, 0.725992785203106, 
0.663270505036511, 0.766544185038462, 0.760502683973948, 0.843755195621867, 
0.788683454087493, 0.741005121045589, 0.674387705754931, 0.80107109238509, 
0.657320728893403, 0.741576878394964, 0.688505194727234, 0.619295115054539, 
0.73762304573362, 0.912466294971155, 0.778833166801787, 0.687080378094081, 
0.792774679073246, 0.686551301258764, 0.751706440825238, 0.76040179659186, 
0.660306705217848, 0.828098296060543, 0.762327241457839, 0.760391667725233, 
0.799893165553283, 0.859720887424197, 0.812025424040701, 0.859779681838369, 
0.868299271417459, 0.785782941859156, 0.7690519595425, 0.85584121121748, 
0.744678243917883, 0.840794774484042, 0.706597157339015, 0.697755379424824, 
0.702357524326693, 0.694620971222825, 0.771187959834274, 0.859482003254013, 
0.813107600106696, 0.842988813960897, 0.802445668935089, 0.740284538694208, 
0.786555499372717, 0.748502279663888, 0.696738269624596, 0.721989437264889, 
0.820959892824928, 0.697017956398833, 0.646044774497337, 0.749617282382115, 
0.738087487142532, 0.843951994406135, 0.754447072274145, 0.720474646951548, 
0.664565192081448, 0.771248094002568, 0.627129582501235, 0.723365507238326, 
0.668152978272942, 0.590901043788567, 0.712920030058958, 0.908511818587942, 
0.749441649970298, 0.667394690331474, 0.77232315656738, 0.666173375647173, 
0.727652129989008, 0.731407471563139, 0.630997267957006, 0.821318608076623, 
0.740668370573016, 0.731279796020203, 0.772016889717288, 0.834732411090633, 
0.797423818696954, 0.823851997574532, 0.83868383669295, 0.754197499151509, 
0.753812923206855, 0.839724632921932, 0.718717915484826, 0.834608964456048, 
0.680775645326115, 0.673490565411033, 0.668864386285908, 0.66774032692053, 
0.742895650060637, 0.837746933815375, 0.791116685638973, 0.817972743610238, 
0.768222591370319, 0.72921633225771, 0.772597651605659, 0.742222832285743, 
0.686632001330755, 0.701608001609209, 0.824164202833052, 0.681984584503198, 
0.641349872024777, 0.74309623191813, 0.726604338662219, 0.849647062500406, 
0.738839038616854, 0.711314006613653, 0.664068107351585, 0.758540062535599, 
0.60905921555379, 0.718456289437626, 0.659325691399628, 0.573485480856836, 
0.698990748879046, 0.91445240468446, 0.734203799146716, 0.659039489935767, 
0.761583663033964, 0.659281229737131, 0.714866105776635, 0.715797081577223, 
0.612150680533925, 0.822777383629658, 0.73213755515238, 0.713998980444477, 
0.75810499078354, 0.820494049819128, 0.792793457515438, 0.804923898826147, 
0.826752355274464, 0.733720113873255, 0.753043774234355, 0.834074897949039, 
0.703421715954409, 0.837038960844922, 0.666259759784015, 0.664764717371523, 
0.650703323674087, 0.651452583175746, 0.72939154812635, 0.826813728478135, 
0.780199535521755, 0.803676516467612, 0.747994963224702, 0.735097525832261, 
0.780430731181781, 0.75590742659279, 0.694652407338003, 0.698837715435273, 
0.8449743471544, 0.687626781788091, 0.653914499738188, 0.752333004727654, 
0.733961927728242, 0.863541264496193, 0.749020715565671, 0.720500063892923, 
0.677958751282518, 0.766807618212078, 0.610090472312676, 0.73302546998839, 
0.666959521819955, 0.5731906350622, 0.70191915992207, 0.934526554694332, 
0.739487341829262, 0.667728585745151, 0.765577429331175, 0.67020538580119, 
0.720133991847311, 0.718222689030406, 0.609837937994065, 0.836379100633087, 
0.743166308912361, 0.715669918233574, 0.762058993454833, 0.823708574856506, 
0.802802753250564, 0.813017476189402, 0.83602141974467, 0.731738436087864, 
0.770862529150228, 0.844583041067114, 0.704634765454528, 0.852867310595182, 
0.669857940212254, 0.676316959859577, 0.65517126744404, 0.652489107028028, 
0.7386833294692, 0.831968604314116, 0.786404383702592, 0.805401491921439, 
0.750277010035782, 0.764486613841762, 0.819413103951876, 0.797138435763865, 
0.726876619514859, 0.720748170371316, 0.890880443375633, 0.721627142806118, 
0.68942789894128, 0.783171334003223, 0.768733273822859, 0.888391506411575, 
0.793912099598197, 0.755763705607395, 0.71193461770381, 0.800992522468092, 
0.637868908668956, 0.774344175815565, 0.696655008200388, 0.596640533467454, 
0.728194096186249, 0.973392969218497, 0.772491863834607, 0.699916376912288, 
0.78955638718001, 0.704228735963751, 0.750802813238237, 0.743915452042677, 
0.630377863137769, 0.866279709972079, 0.781129147181709, 0.743888006306675, 
0.788376756840381, 0.8513462217891, 0.832489699735754, 0.85960321003325, 
0.87101934623182, 0.755835324649745, 0.812396762965211, 0.877373238002124, 
0.728502911171561, 0.887243320814422, 0.698955319542784, 0.714175281885158, 
0.690807352520504, 0.677967514332172, 0.780019957085285, 0.858785083746337, 
0.816221246615001, 0.828653733711853, 0.784345823094805, 0.816797658045493, 
0.88974326830993, 0.865807736817155, 0.78260041957564, 0.766335367726387, 
0.962107274976885, 0.783558050983176, 0.747420001153198, 0.834886789481833, 
0.83117822618071, 0.923083780654764, 0.873926080717535, 0.817097875289547, 
0.765818398265685, 0.85940689633023, 0.692282032018641, 0.842282594591481, 
0.74770478316687, 0.643414680143443, 0.777131568529882, 1.03009589032271, 
0.832564703045462, 0.755322589025011, 0.832291451639164, 0.760554729726212, 
0.806562647734904, 0.791397038444183, 0.67287433096577, 0.911339641448094, 
0.845789820844388, 0.798171994068618, 0.835261545877556, 0.902404843327895, 
0.88074221408143, 0.94540573866072, 0.929680683653134, 0.805181499737485, 
0.876588254672712, 0.931627288770297, 0.773947487762761, 0.939434449589272, 
0.753319683134136, 0.777861728696817, 0.758022124269126, 0.727355053628028, 
0.853877133250464, 0.90584181257792, 0.868880496190286, 0.871952165871121, 
0.850235310396829, 0.88480283155182, 0.982662361246513, 0.953943234361832, 
0.854433393296239, 0.827459264244007, 1.05162460648166, 0.864877491169626, 
0.821021921727235, 0.90057999488838, 0.913634048155595, 0.963110966127465, 
0.980338429706736, 0.89695868239395, 0.833651601037419, 0.93362957424356, 
0.76577391806975, 0.929031252681445, 0.813272608824626, 0.706493080570464, 
0.841473049071018, 1.0983757664272, 0.911434828219094, 0.82705911485308, 
0.886766087801637, 0.832137009554367, 0.879914186293491, 0.852898158304063, 
0.729931095237268, 0.96557121644237, 0.929293738928596, 0.870586690836804, 
0.894998115611813, 0.968742624475864, 0.940763832514825, 1.06007679111728, 
1.0033276646349, 0.87148128927806, 0.955872019553996, 1.00010429659680, 
0.833349881760094, 1.00323677599983, 0.825527384813315, 0.85996243507837, 
0.848937268223238, 0.793061495717488, 0.951760990374692, 0.965413806351123, 
0.936932552518044, 0.927644209629892, 0.939184708188548, 0.958832871924924, 
1.08540013016425, 1.04985188141262, 0.932080514422667, 0.893559750680957, 
1.14935855424452, 0.953173538537935, 0.900271214444203, 0.971093053059134, 
1.00517875862006, 1.00312954570755, 1.09933124277738, 0.984580996572993, 
0.907110325234079, 1.01215952124961, 0.847435206937133, 1.02303940323649, 
0.883985923836225, 0.776096985758149, 0.911589380853693, 1.17016520279997, 
0.99755154538353, 0.905395932847464, 0.944174440984986, 0.908982144276425, 
0.960552773430791, 0.918268350734681, 0.791772992316868, 1.02148343190956, 
1.0203348802655, 0.95033800745301, 0.957687763523786, 1.03989331616359, 
1.00384942571955, 1.18738952596707, 1.08040716687266, 0.943875427789607, 
1.03954981623237, 1.07336982080230, 0.896824066337053, 1.07064233115383, 
0.905220244200528, 0.94945483085134, 0.951373048208735, 0.864766491886986, 
1.06067217888156, 1.02777127584207, 1.01058713712206, 0.986217659495297, 
1.03861348410261, 1.02577932265496, 1.17916415789317, 1.13658302039793, 
1.00119620110952, 0.950627015723937, 1.24099884135757, 1.03047407341724, 
0.970983638151973, 1.03425698413042, 1.08997577666260, 1.03692772180976, 
1.20916426133163, 1.06452898653813, 0.974637170560873, 1.07950122350971, 
0.921154802160402, 1.10754675636489, 0.946973239595026, 0.838256058133202, 
0.974470516075156, 1.23517236173680, 1.07462373634408, 0.976538188544983, 
0.993454964385464, 0.977102785357107, 1.03406748520209, 0.974208196387792, 
0.845194954812207, 1.06983595295326, 1.10268620811818, 1.02237242365809, 
1.01067453045619, 1.10226844391964, 1.05893274744091, 1.30209931691634, 
1.14577437238006, 1.00775255562122, 1.11292454234053, 1.13912090143459, 
0.951420252194668, 1.13138277692905, 0.977654478152695, 1.03017519392778, 
1.04623038854057, 0.92817750323302, 1.16071497839152, 1.08070004641226, 
1.07683100505953, 1.03580748074127, 1.12994020307183), .Dim = c(50L, 
43L))
