"prov" "agno" "casos" "esp" "long" "lat"
"1" 1 1975 12 14.2711243786032 -2.69920255095887 42.8362688079098
"2" 2 1975 40 32.0662448313336 -1.98432704501776 38.8405206642905
"3" 3 1975 94 79.9483120436699 -0.576909403944958 38.4974913538265
"4" 4 1975 19 28.2656515042725 -2.35604061514020 37.2133431727737
"5" 5 1975 15 22.8810806910019 -4.93788312937989 40.5815877800085
"6" 6 1975 61 58.1024569486202 -6.13905369866462 38.7256674878886
"7" 7 1975 69 55.6390674326607 2.91946602099717 39.6320217153478
"8" 8 1975 309 294.277326873377 1.99811663925652 41.7469265779753
"9" 9 1975 17 34.4364345788523 -3.59134675355039 42.3729704312902
"10" 10 1975 31 40.1698179953138 -6.15535052135614 39.7231926273179
"11" 11 1975 79 46.8070194879904 -5.76468483106548 36.5624969412696
"12" 12 1975 50 42.9557761933084 -0.148039282559446 40.2507348146576
"13" 13 1975 40 42.0302217744582 -3.81339188792 38.9298215736108
"14" 14 1975 35 55.1136042086863 -4.81499528758521 38.0049023897714
"15" 15 1975 66 81.8681653871438 -8.45971855216294 43.1280401889178
"16" 16 1975 19 28.7512215771667 -2.19548700715003 39.9086860718255
"17" 17 1975 53 40.9815080376224 2.68708796205338 42.145865652011
"18" 18 1975 50 54.5257718871287 -3.2725162184824 37.3330507124855
"19" 19 1975 15 20.5058160061072 -2.62128556282702 40.8274558690964
"20" 20 1975 23 39.9641723970453 -2.16792853126469 43.1528089188849
"21" 21 1975 35 30.6946959252946 -6.83265276754075 37.5978334583402
"22" 22 1975 19 28.1315990459642 -0.059609139223607 42.2142401605038
"23" 23 1975 47 54.6651421382296 -3.44979781370444 38.0308250493701
"24" 24 1975 44 50.3010619064719 -5.82870631120274 42.634323440999
"25" 25 1975 47 38.9143032100181 1.05797639294180 42.0569667018661
"26" 26 1975 25 22.6067250465755 -2.50129759774743 42.2834647638459
"27" 27 1975 38 55.3990541440799 -7.43968312456498 43.0234823442494
"28" 28 1975 214 242.66199294573 -3.71281962879811 40.5070988091236
"29" 29 1975 74 59.3159059504278 -4.73055642619482 36.8262859308411
"30" 30 1975 68 67.428748370636 -1.49630010993228 38.0192645198754
"31" 31 1975 33 42.2644624863674 -1.62626983258690 42.6731456222013
"32" 32 1975 38 48.335527626882 -7.57751195701661 42.2058800425114
"33" 33 1975 62 87.2891470384086 -5.9826023524122 43.3068393860113
"34" 34 1975 18 18.7086563237056 -4.5244778612837 42.3858592040108
"35" 35 1975 40 34.1971575931305 -14.0808342801231 28.5157089130002
"36" 36 1975 72 55.7338071230249 -8.44460855754943 42.4398016773539
"37" 37 1975 35 41.4214012669167 -6.0589248043088 40.8171845370366
"38" 38 1975 42 39.5453557415741 -16.5420836626214 28.4318722417734
"39" 39 1975 42 37.80849073285 -4.01407954592847 43.2119867222126
"40" 40 1975 23 17.7882367627836 -4.04852400392879 41.1828032906417
"41" 41 1975 66 84.734696355172 -5.68875708808965 37.448879916972
"42" 42 1975 6 14.7155714932066 -2.58123034319994 41.6308263313168
"43" 43 1975 44 49.3348865726758 0.826785127629588 41.099494777678
"44" 44 1975 10 23.0290988042719 -0.812830844826387 40.6744694945262
"45" 45 1975 39 47.5741446630047 -4.14438535984712 39.8056144801947
"46" 46 1975 162 150.495465248008 -0.789648969061416 39.3579240490339
"47" 47 1975 36 32.1180171028265 -4.83269168581912 41.6440757226044
"48" 48 1975 81 68.3464955912415 -2.83223719674931 43.2527888459929
"49" 49 1975 16 28.377009407172 -5.96472387457858 41.742081055707
"50" 50 1975 71 72.9085505759501 -1.05613701304700 41.6309680140457
"51" 1 1976 14 14.8456720625968 -2.69920255095887 42.8362688079098
"52" 2 1976 43 32.8530092857114 -1.98432704501776 38.8405206642905
"53" 3 1976 103 82.9203292418443 -0.576909403944958 38.4974913538265
"54" 4 1976 23 29.122331849012 -2.35604061514020 37.2133431727737
"55" 5 1976 14 23.422307897102 -4.93788312937989 40.5815877800085
"56" 6 1976 73 59.470931599328 -6.13905369866462 38.7256674878886
"57" 7 1976 64 57.5139795824554 2.91946602099717 39.6320217153478
"58" 8 1976 293 305.7190443647 1.99811663925652 41.7469265779753
"59" 9 1976 31 35.471070923655 -3.59134675355039 42.3729704312902
"60" 10 1976 25 41.4094220868754 -6.15535052135614 39.7231926273179
"61" 11 1976 59 48.5046656405454 -5.76468483106548 36.5624969412696
"62" 12 1976 48 44.2882853032968 -0.148039282559446 40.2507348146576
"63" 13 1976 38 43.2473904902692 -3.81339188792 38.9298215736108
"64" 14 1976 43 56.7805474129711 -4.81499528758521 38.0049023897714
"65" 15 1976 59 84.9550048984993 -8.45971855216294 43.1280401889178
"66" 16 1976 22 29.5259636543733 -2.19548700715003 39.9086860718255
"67" 17 1976 49 42.1885529532918 2.68708796205338 42.145865652011
"68" 18 1976 53 56.1580347116218 -3.2725162184824 37.3330507124855
"69" 19 1976 26 20.9425589209795 -2.62128556282702 40.8274558690964
"70" 20 1976 29 41.3544290567125 -2.16792853126469 43.1528089188849
"71" 21 1976 32 31.5003618952542 -6.83265276754075 37.5978334583402
"72" 22 1976 30 28.8622737449431 -0.059609139223607 42.2142401605038
"73" 23 1976 45 56.1288150317609 -3.44979781370444 38.0308250493701
"74" 24 1976 50 52.0648271348881 -5.82870631120274 42.634323440999
"75" 25 1976 30 40.0958085210457 1.05797639294180 42.0569667018661
"76" 26 1976 35 23.2438828732106 -2.50129759774743 42.2834647638459
"77" 27 1976 42 56.9599890119232 -7.43968312456498 43.0234823442494
"78" 28 1976 186 254.17812244006 -3.71281962879811 40.5070988091236
"79" 29 1976 68 61.4375389621115 -4.73055642619482 36.8262859308411
"80" 30 1976 88 69.5189491715813 -1.49630010993228 38.0192645198754
"81" 31 1976 45 43.5683460982245 -1.62626983258690 42.6731456222013
"82" 32 1976 50 49.9461880538569 -7.57751195701661 42.2058800425114
"83" 33 1976 84 90.9210751927638 -5.9826023524122 43.3068393860113
"84" 34 1976 28 19.3009052160235 -4.5244778612837 42.3858592040108
"85" 35 1976 46 35.6375285023673 -14.0808342801231 28.5157089130002
"86" 36 1976 53 57.805484743401 -8.44460855754943 42.4398016773539
"87" 37 1976 36 42.6553032643551 -6.0589248043088 40.8171845370366
"88" 38 1976 47 40.8001515262053 -16.5420836626214 28.4318722417734
"89" 39 1976 35 39.158169806402 -4.01407954592847 43.2119867222126
"90" 40 1976 18 18.2011772657109 -4.04852400392879 41.1828032906417
"91" 41 1976 92 87.4302479171613 -5.68875708808965 37.448879916972
"92" 42 1976 13 15.1158148044544 -2.58123034319994 41.6308263313168
"93" 43 1976 59 50.5944827227644 0.826785127629588 41.099494777678
"94" 44 1976 18 23.6308342788028 -0.812830844826387 40.6744694945262
"95" 45 1976 36 49.0000079337893 -4.14438535984712 39.8056144801947
"96" 46 1976 160 155.034844173753 -0.789648969061416 39.3579240490339
"97" 47 1976 29 33.152185521647 -4.83269168581912 41.6440757226044
"98" 48 1976 83 70.7392711114313 -2.83223719674931 43.2527888459929
"99" 49 1976 34 29.3592557030761 -5.96472387457858 41.742081055707
"100" 50 1976 94 75.4389644319656 -1.05613701304700 41.6309680140457
"101" 1 1977 9 15.3253767117703 -2.69920255095887 42.8362688079098
"102" 2 1977 39 33.4319885824436 -1.98432704501776 38.8405206642905
"103" 3 1977 115 85.3953164819714 -0.576909403944958 38.4974913538265
"104" 4 1977 32 29.837830476694 -2.35604061514020 37.2133431727737
"105" 5 1977 25 23.8029912730069 -4.93788312937989 40.5815877800085
"106" 6 1977 63 60.4785869344272 -6.13905369866462 38.7256674878886
"107" 7 1977 69 59.0240319818112 2.91946602099717 39.6320217153478
"108" 8 1977 307 315.32938881024 1.99811663925652 41.7469265779753
"109" 9 1977 23 36.2855355730858 -3.59134675355039 42.3729704312902
"110" 10 1977 37 42.3987906729545 -6.15535052135614 39.7231926273179
"111" 11 1977 51 49.9618484975264 -5.76468483106548 36.5624969412696
"112" 12 1977 43 45.3332342200018 -0.148039282559446 40.2507348146576
"113" 13 1977 36 44.1877500142087 -3.81339188792 38.9298215736108
"114" 14 1977 48 58.1189404900351 -4.81499528758521 38.0049023897714
"115" 15 1977 88 87.4930877689193 -8.45971855216294 43.1280401889178
"116" 16 1977 18 30.1213075490407 -2.19548700715003 39.9086860718255
"117" 17 1977 49 43.1237359383844 2.68708796205338 42.145865652011
"118" 18 1977 41 57.4622046334303 -3.2725162184824 37.3330507124855
"119" 19 1977 13 21.2378101884366 -2.62128556282702 40.8274558690964
"120" 20 1977 29 42.4981153806313 -2.16792853126469 43.1528089188849
"121" 21 1977 29 32.1235521610576 -6.83265276754075 37.5978334583402
"122" 22 1977 30 29.3995715615389 -0.059609139223607 42.2142401605038
"123" 23 1977 46 57.2674506170837 -3.44979781370444 38.0308250493701
"124" 24 1977 56 53.5322011612407 -5.82870631120274 42.634323440999
"125" 25 1977 43 41.0390842954159 1.05797639294180 42.0569667018661
"126" 26 1977 22 23.7077161161199 -2.50129759774743 42.2834647638459
"127" 27 1977 51 58.1414103776923 -7.43968312456498 43.0234823442494
"128" 28 1977 193 264.253593495702 -3.71281962879811 40.5070988091236
"129" 29 1977 78 63.2228769475987 -4.73055642619482 36.8262859308411
"130" 30 1977 68 71.151141947576 -1.49630010993228 38.0192645198754
"131" 31 1977 39 44.5699272881539 -1.62626983258690 42.6731456222013
"132" 32 1977 33 51.2049907158622 -7.57751195701661 42.2058800425114
"133" 33 1977 89 93.9978334390657 -5.9826023524122 43.3068393860113
"134" 34 1977 29 19.7654670559624 -4.5244778612837 42.3858592040108
"135" 35 1977 34 36.8570849058056 -14.0808342801231 28.5157089130002
"136" 36 1977 58 59.5462941643966 -8.44460855754943 42.4398016773539
"137" 37 1977 37 43.6225447410378 -6.0589248043088 40.8171845370366
"138" 38 1977 40 41.8052583403225 -16.5420836626214 28.4318722417734
"139" 39 1977 48 40.2740146842516 -4.01407954592847 43.2119867222126
"140" 40 1977 15 18.4937851663715 -4.04852400392879 41.1828032906417
"141" 41 1977 95 89.6500541423205 -5.68875708808965 37.448879916972
"142" 42 1977 13 15.4136765815386 -2.58123034319994 41.6308263313168
"143" 43 1977 58 51.5340949797274 0.826785127629588 41.099494777678
"144" 44 1977 22 24.0912117666889 -0.812830844826387 40.6744694945262
"145" 45 1977 39 50.133989197637 -4.14438535984712 39.8056144801947
"146" 46 1977 152 158.627827993738 -0.789648969061416 39.3579240490339
"147" 47 1977 46 33.9764502952801 -4.83269168581912 41.6440757226044
"148" 48 1977 68 72.7260319462174 -2.83223719674931 43.2527888459929
"149" 49 1977 26 30.1632367371983 -5.96472387457858 41.742081055707
"150" 50 1977 87 77.5051210990086 -1.05613701304700 41.6309680140457
"151" 1 1978 10 15.7834044059548 -2.69920255095887 42.8362688079098
"152" 2 1978 31 33.968727478854 -1.98432704501776 38.8405206642905
"153" 3 1978 93 87.7532206415842 -0.576909403944958 38.4974913538265
"154" 4 1978 28 30.5116593841072 -2.35604061514020 37.2133431727737
"155" 5 1978 21 24.156133679776 -4.93788312937989 40.5815877800085
"156" 6 1978 65 61.4073847792594 -6.13905369866462 38.7256674878886
"157" 7 1978 63 60.4823137772061 2.91946602099717 39.6320217153478
"158" 8 1978 325 324.534607117344 1.99811663925652 41.7469265779753
"159" 9 1978 32 37.0669875158421 -3.59134675355039 42.3729704312902
"160" 10 1978 43 43.3497214662304 -6.15535052135614 39.7231926273179
"161" 11 1978 57 51.3633702193904 -5.76468483106548 36.5624969412696
"162" 12 1978 46 46.3326555917784 -0.148039282559446 40.2507348146576
"163" 13 1978 44 45.0751154577082 -3.81339188792 38.9298215736108
"164" 14 1978 61 59.3893471692773 -4.81499528758521 38.0049023897714
"165" 15 1978 80 89.8992611530142 -8.45971855216294 43.1280401889178
"166" 16 1978 16 30.678837904025 -2.19548700715003 39.9086860718255
"167" 17 1978 47 44.0077636037885 2.68708796205338 42.145865652011
"168" 18 1978 36 58.6985074974609 -3.2725162184824 37.3330507124855
"169" 19 1978 23 21.5091749033428 -2.62128556282702 40.8274558690964
"170" 20 1978 36 43.5792783828191 -2.16792853126469 43.1528089188849
"171" 21 1978 41 32.712997173484 -6.83265276754075 37.5978334583402
"172" 22 1978 33 29.893399641806 -0.059609139223607 42.2142401605038
"173" 23 1978 52 58.3347811880154 -3.44979781370444 38.0308250493701
"174" 24 1978 45 54.9033151218004 -5.82870631120274 42.634323440999
"175" 25 1978 52 41.910984696401 1.05797639294180 42.0569667018661
"176" 26 1978 16 24.1552698701589 -2.50129759774743 42.2834647638459
"177" 27 1978 57 59.2450049569965 -7.43968312456498 43.0234823442494
"178" 28 1978 222 273.996943850512 -3.71281962879811 40.5070988091236
"179" 29 1978 70 64.9410305167556 -4.73055642619482 36.8262859308411
"180" 30 1978 77 72.6890803649644 -1.49630010993228 38.0192645198754
"181" 31 1978 41 45.5242983822239 -1.62626983258690 42.6731456222013
"182" 32 1978 38 52.3915407742822 -7.57751195701661 42.2058800425114
"183" 33 1978 92 96.9276875248946 -5.9826023524122 43.3068393860113
"184" 34 1978 28 20.1999182827677 -4.5244778612837 42.3858592040108
"185" 35 1978 50 38.0297434536713 -14.0808342801231 28.5157089130002
"186" 36 1978 56 61.2089914627663 -8.44460855754943 42.4398016773539
"187" 37 1978 37 44.5347227873779 -6.0589248043088 40.8171845370366
"188" 38 1978 51 42.7653343215545 -16.5420836626214 28.4318722417734
"189" 39 1978 41 41.3155215713886 -4.01407954592847 43.2119867222126
"190" 40 1978 21 18.746562356454 -4.04852400392879 41.1828032906417
"191" 41 1978 95 91.7931514198766 -5.68875708808965 37.448879916972
"192" 42 1978 10 15.7146326973956 -2.58123034319994 41.6308263313168
"193" 43 1978 52 52.4160386726972 0.826785127629588 41.099494777678
"194" 44 1978 25 24.5169680771434 -0.812830844826387 40.6744694945262
"195" 45 1978 39 51.2063547483114 -4.14438535984712 39.8056144801947
"196" 46 1978 202 162.018958025214 -0.789648969061416 39.3579240490339
"197" 47 1978 37 34.7783022016243 -4.83269168581912 41.6440757226044
"198" 48 1978 81 74.5953516207518 -2.83223719674931 43.2527888459929
"199" 49 1978 30 30.9196854507357 -5.96472387457858 41.742081055707
"200" 50 1978 88 79.4795356092136 -1.05613701304700 41.6309680140457
"201" 1 1979 18 16.2107376613455 -2.69920255095887 42.8362688079098
"202" 2 1979 32 34.4353801755876 -1.98432704501776 38.8405206642905
"203" 3 1979 95 89.9147621805436 -0.576909403944958 38.4974913538265
"204" 4 1979 26 31.115471085213 -2.35604061514020 37.2133431727737
"205" 5 1979 24 24.4569965818614 -4.93788312937989 40.5815877800085
"206" 6 1979 77 62.2036678524529 -6.13905369866462 38.7256674878886
"207" 7 1979 55 61.7986386034871 2.91946602099717 39.6320217153478
"208" 8 1979 346 332.969373386578 1.99811663925652 41.7469265779753
"209" 9 1979 27 37.7465565924065 -3.59134675355039 42.3729704312902
"210" 10 1979 44 44.1919974712032 -6.15535052135614 39.7231926273179
"211" 11 1979 60 52.65464732743 -5.76468483106548 36.5624969412696
"212" 12 1979 50 47.2121760692335 -0.148039282559446 40.2507348146576
"213" 13 1979 50 45.8663795650969 -3.81339188792 38.9298215736108
"214" 14 1979 42 60.5297761070634 -4.81499528758521 38.0049023897714
"215" 15 1979 92 92.1123514642552 -8.45971855216294 43.1280401889178
"216" 16 1979 26 31.1688158006781 -2.19548700715003 39.9086860718255
"217" 17 1979 53 44.7971366856148 2.68708796205338 42.145865652011
"218" 18 1979 56 59.8137976084932 -3.2725162184824 37.3330507124855
"219" 19 1979 16 21.7284922718888 -2.62128556282702 40.8274558690964
"220" 20 1979 27 44.569350415106 -2.16792853126469 43.1528089188849
"221" 21 1979 40 33.2246962325129 -6.83265276754075 37.5978334583402
"222" 22 1979 35 30.3132629608163 -0.059609139223607 42.2142401605038
"223" 23 1979 52 59.2608233181516 -3.44979781370444 38.0308250493701
"224" 24 1979 56 56.1706400523754 -5.82870631120274 42.634323440999
"225" 25 1979 40 42.684403833379 1.05797639294180 42.0569667018661
"226" 26 1979 23 24.5471388038937 -2.50129759774743 42.2834647638459
"227" 27 1979 56 60.2190126355992 -7.43968312456498 43.0234823442494
"228" 28 1979 179 283.084722984175 -3.71281962879811 40.5070988091236
"229" 29 1979 80 66.495570546085 -4.73055642619482 36.8262859308411
"230" 30 1979 68 74.0686997832855 -1.49630010993228 38.0192645198754
"231" 31 1979 39 46.3692610661695 -1.62626983258690 42.6731456222013
"232" 32 1979 32 53.4555170963784 -7.57751195701661 42.2058800425114
"233" 33 1979 90 99.6513165281898 -5.9826023524122 43.3068393860113
"234" 34 1979 21 20.5802748677119 -4.5244778612837 42.3858592040108
"235" 35 1979 47 39.1054110251808 -14.0808342801231 28.5157089130002
"236" 36 1979 64 62.737152945839 -8.44460855754943 42.4398016773539
"237" 37 1979 40 45.3421130135262 -6.0589248043088 40.8171845370366
"238" 38 1979 50 43.6362932164655 -16.5420836626214 28.4318722417734
"239" 39 1979 45 42.2686077469924 -4.01407954592847 43.2119867222126
"240" 40 1979 24 18.966194578831 -4.04852400392879 41.1828032906417
"241" 41 1979 96 93.7274901219343 -5.68875708808965 37.448879916972
"242" 42 1979 7 15.9760843923503 -2.58123034319994 41.6308263313168
"243" 43 1979 47 53.1715052407262 0.826785127629588 41.099494777678
"244" 44 1979 17 24.8855477534272 -0.812830844826387 40.6744694945262
"245" 45 1979 41 52.1471421947143 -4.14438535984712 39.8056144801947
"246" 46 1979 184 165.069899447771 -0.789648969061416 39.3579240490339
"247" 47 1979 29 35.4927548167179 -4.83269168581912 41.6440757226044
"248" 48 1979 75 76.3153079675918 -2.83223719674931 43.2527888459929
"249" 49 1979 36 31.6070643698981 -5.96472387457858 41.742081055707
"250" 50 1979 89 81.2643501898412 -1.05613701304700 41.6309680140457
"251" 1 1980 20 16.6032963294834 -2.69920255095887 42.8362688079098
"252" 2 1980 45 34.8267313473201 -1.98432704501776 38.8405206642905
"253" 3 1980 126 91.8826612866467 -0.576909403944958 38.4974913538265
"254" 4 1980 28 31.6448222002006 -2.35604061514020 37.2133431727737
"255" 5 1980 18 24.7112677404707 -4.93788312937989 40.5815877800085
"256" 6 1980 55 62.8666658890988 -6.13905369866462 38.7256674878886
"257" 7 1980 49 62.9793653666839 2.91946602099717 39.6320217153478
"258" 8 1980 371 340.670145646241 1.99811663925652 41.7469265779753
"259" 9 1980 25 38.3584247013597 -3.59134675355039 42.3729704312902
"260" 10 1980 29 44.9248274215406 -6.15535052135614 39.7231926273179
"261" 11 1980 51 53.8326767332961 -5.76468483106548 36.5624969412696
"262" 12 1980 77 47.9952991325318 -0.148039282559446 40.2507348146576
"263" 13 1980 34 46.5659207976572 -3.81339188792 38.9298215736108
"264" 14 1980 67 61.548512011109 -4.81499528758521 38.0049023897714
"265" 15 1980 81 94.1202453341796 -8.45971855216294 43.1280401889178
"266" 16 1980 23 31.5756462361082 -2.19548700715003 39.9086860718255
"267" 17 1980 66 45.4793295226195 2.68708796205338 42.145865652011
"268" 18 1980 48 60.8128067047737 -3.2725162184824 37.3330507124855
"269" 19 1980 9 21.9092697491801 -2.62128556282702 40.8274558690964
"270" 20 1980 36 45.4497373590395 -2.16792853126469 43.1528089188849
"271" 21 1980 46 33.6633720438391 -6.83265276754075 37.5978334583402
"272" 22 1980 27 30.6696015091835 -0.059609139223607 42.2142401605038
"273" 23 1980 48 60.0773323920801 -3.44979781370444 38.0308250493701
"274" 24 1980 40 57.3021802065238 -5.82870631120274 42.634323440999
"275" 25 1980 46 43.3759099909735 1.05797639294180 42.0569667018661
"276" 26 1980 25 24.874840675712 -2.50129759774743 42.2834647638459
"277" 27 1980 42 61.059342813463 -7.43968312456498 43.0234823442494
"278" 28 1980 227 291.475197060292 -3.71281962879811 40.5070988091236
"279" 29 1980 70 67.9161956213763 -4.73055642619482 36.8262859308411
"280" 30 1980 97 75.2749818170492 -1.49630010993228 38.0192645198754
"281" 31 1980 41 47.1241091937957 -1.62626983258690 42.6731456222013
"282" 32 1980 51 54.4118203217185 -7.57751195701661 42.2058800425114
"283" 33 1980 108 102.190988813138 -5.9826023524122 43.3068393860113
"284" 34 1980 25 20.9357028873199 -4.5244778612837 42.3858592040108
"285" 35 1980 54 40.0871895907039 -14.0808342801231 28.5157089130002
"286" 36 1980 58 64.1386650890261 -8.44460855754943 42.4398016773539
"287" 37 1980 35 46.0579054593814 -6.0589248043088 40.8171845370366
"288" 38 1980 44 44.4063115672496 -16.5420836626214 28.4318722417734
"289" 39 1980 56 43.1217124239806 -4.01407954592847 43.2119867222126
"290" 40 1980 25 19.1407136318608 -4.04852400392879 41.1828032906417
"291" 41 1980 100 95.500145379898 -5.68875708808965 37.448879916972
"292" 42 1980 14 16.1994241215078 -2.58123034319994 41.6308263313168
"293" 43 1980 65 53.8119698358152 0.826785127629588 41.099494777678
"294" 44 1980 20 25.1994630428184 -0.812830844826387 40.6744694945262
"295" 45 1980 46 52.9961623166934 -4.14438535984712 39.8056144801947
"296" 46 1980 181 167.781560569866 -0.789648969061416 39.3579240490339
"297" 47 1980 51 36.1473991722314 -4.83269168581912 41.6440757226044
"298" 48 1980 100 77.8534802562002 -2.83223719674931 43.2527888459929
"299" 49 1980 35 32.2373863653889 -5.96472387457858 41.742081055707
"300" 50 1980 77 82.872064254248 -1.05613701304700 41.6309680140457
"301" 1 1981 16 17.1600782431586 -2.69920255095887 42.8362688079098
"302" 2 1981 48 35.3396416045487 -1.98432704501776 38.8405206642905
"303" 3 1981 95 94.241799505787 -0.576909403944958 38.4974913538265
"304" 4 1981 28 32.3895841864701 -2.35604061514020 37.2133431727737
"305" 5 1981 16 25.2744177567339 -4.93788312937989 40.5815877800085
"306" 6 1981 84 63.8344114272932 -6.13905369866462 38.7256674878886
"307" 7 1981 56 64.4524113881512 2.91946602099717 39.6320217153478
"308" 8 1981 341 351.017387533574 1.99811663925652 41.7469265779753
"309" 9 1981 37 39.4699588880574 -3.59134675355039 42.3729704312902
"310" 10 1981 39 45.8255273450464 -6.15535052135614 39.7231926273179
"311" 11 1981 66 55.3550078043049 -5.76468483106548 36.5624969412696
"312" 12 1981 56 48.8213614098083 -0.148039282559446 40.2507348146576
"313" 13 1981 59 47.5135299885255 -3.81339188792 38.9298215736108
"314" 14 1981 53 62.9411952031586 -4.81499528758521 38.0049023897714
"315" 15 1981 102 96.7751088544953 -8.45971855216294 43.1280401889178
"316" 16 1981 32 32.1311258824297 -2.19548700715003 39.9086860718255
"317" 17 1981 41 46.5077880228162 2.68708796205338 42.145865652011
"318" 18 1981 44 62.1840830358546 -3.2725162184824 37.3330507124855
"319" 19 1981 20 22.3420534294486 -2.62128556282702 40.8274558690964
"320" 20 1981 42 46.7839983752805 -2.16792853126469 43.1528089188849
"321" 21 1981 36 34.3077375733138 -6.83265276754075 37.5978334583402
"322" 22 1981 31 31.3614700169661 -0.059609139223607 42.2142401605038
"323" 23 1981 48 61.0614325898618 -3.44979781370444 38.0308250493701
"324" 24 1981 60 58.8216813713987 -5.82870631120274 42.634323440999
"325" 25 1981 50 44.440782806759 1.05797639294180 42.0569667018661
"326" 26 1981 34 25.5410526082906 -2.50129759774743 42.2834647638459
"327" 27 1981 49 62.3037226056493 -7.43968312456498 43.0234823442494
"328" 28 1981 254 302.549018547227 -3.71281962879811 40.5070988091236
"329" 29 1981 102 69.7517785183982 -4.73055642619482 36.8262859308411
"330" 30 1981 87 76.701070904411 -1.49630010993228 38.0192645198754
"331" 31 1981 53 48.2333431432456 -1.62626983258690 42.6731456222013
"332" 32 1981 49 55.5829285303147 -7.57751195701661 42.2058800425114
"333" 33 1981 109 105.146675249007 -5.9826023524122 43.3068393860113
"334" 34 1981 19 21.442727384893 -4.5244778612837 42.3858592040108
"335" 35 1981 50 41.1431806208398 -14.0808342801231 28.5157089130002
"336" 36 1981 70 65.9840131892161 -8.44460855754943 42.4398016773539
"337" 37 1981 40 47.2287825432211 -6.0589248043088 40.8171845370366
"338" 38 1981 54 45.5759665658819 -16.5420836626214 28.4318722417734
"339" 39 1981 54 44.4465371039409 -4.01407954592847 43.2119867222126
"340" 40 1981 27 19.5584243747927 -4.04852400392879 41.1828032906417
"341" 41 1981 108 97.822040804244 -5.68875708808965 37.448879916972
"342" 42 1981 13 16.6062417661375 -2.58123034319994 41.6308263313168
"343" 43 1981 74 54.8235865646737 0.826785127629588 41.099494777678
"344" 44 1981 15 25.5505091453324 -0.812830844826387 40.6744694945262
"345" 45 1981 43 54.1726125604729 -4.14438535984712 39.8056144801947
"346" 46 1981 173 171.076405943387 -0.789648969061416 39.3579240490339
"347" 47 1981 44 37.3481652065472 -4.83269168581912 41.6440757226044
"348" 48 1981 96 79.7727076465707 -2.83223719674931 43.2527888459929
"349" 49 1981 38 33.0455450932285 -5.96472387457858 41.742081055707
"350" 50 1981 85 85.1006287080464 -1.05613701304700 41.6309680140457
"351" 1 1982 20 17.8525847873475 -2.69920255095887 42.8362688079098
"352" 2 1982 40 35.9652232359109 -1.98432704501776 38.8405206642905
"353" 3 1982 109 97.0743009017156 -0.576909403944958 38.4974913538265
"354" 4 1982 49 33.3220877361665 -2.35604061514020 37.2133431727737
"355" 5 1982 22 26.1421685532573 -4.93788312937989 40.5815877800085
"356" 6 1982 61 65.1263942342863 -6.13905369866462 38.7256674878886
"357" 7 1982 69 66.240029278493 2.91946602099717 39.6320217153478
"358" 8 1982 370 364.347133303487 1.99811663925652 41.7469265779753
"359" 9 1982 23 41.0493750108972 -3.59134675355039 42.3729704312902
"360" 10 1982 51 46.8918067844017 -6.15535052135614 39.7231926273179
"361" 11 1982 78 57.2013118220869 -5.76468483106548 36.5624969412696
"362" 12 1982 54 49.7198912727218 -0.148039282559446 40.2507348146576
"363" 13 1982 47 48.6854959996598 -3.81339188792 38.9298215736108
"364" 14 1982 52 64.6979909510205 -4.81499528758521 38.0049023897714
"365" 15 1982 108 100.12545731701 -8.45971855216294 43.1280401889178
"366" 16 1982 28 32.8469802018956 -2.19548700715003 39.9086860718255
"367" 17 1982 49 47.8726984045248 2.68708796205338 42.145865652011
"368" 18 1982 58 63.9136735186518 -3.2725162184824 37.3330507124855
"369" 19 1982 14 23.023541845549 -2.62128556282702 40.8274558690964
"370" 20 1982 43 48.5851689100952 -2.16792853126469 43.1528089188849
"371" 21 1982 46 35.1265203941284 -6.83265276754075 37.5978334583402
"372" 22 1982 26 32.3488110311872 -0.059609139223607 42.2142401605038
"373" 23 1982 34 62.1887154654945 -3.44979781370444 38.0308250493701
"374" 24 1982 50 60.7795372516968 -5.82870631120274 42.634323440999
"375" 25 1982 44 45.8807040292697 1.05797639294180 42.0569667018661
"376" 26 1982 25 26.5450284224508 -2.50129759774743 42.2834647638459
"377" 27 1982 52 63.9362342213333 -7.43968312456498 43.0234823442494
"378" 28 1982 219 316.087150559229 -3.71281962879811 40.5070988091236
"379" 29 1982 95 71.9888845439893 -4.73055642619482 36.8262859308411
"380" 30 1982 64 78.4419774805916 -1.49630010993228 38.0192645198754
"381" 31 1982 37 49.8038514624887 -1.62626983258690 42.6731456222013
"382" 32 1982 42 56.9451894071986 -7.57751195701661 42.2058800425114
"383" 33 1982 108 108.511943549651 -5.9826023524122 43.3068393860113
"384" 34 1982 22 22.0983971482155 -4.5244778612837 42.3858592040108
"385" 35 1982 43 42.4089925321175 -14.0808342801231 28.5157089130002
"386" 36 1982 70 68.2611266626232 -8.44460855754943 42.4398016773539
"387" 37 1982 46 48.8169827901331 -6.0589248043088 40.8171845370366
"388" 38 1982 36 47.2240105205499 -16.5420836626214 28.4318722417734
"389" 39 1982 48 46.2451450326313 -4.01407954592847 43.2119867222126
"390" 40 1982 27 20.2073743698338 -4.04852400392879 41.1828032906417
"391" 41 1982 104 100.926560462044 -5.68875708808965 37.448879916972
"392" 42 1982 10 17.1529646339939 -2.58123034319994 41.6308263313168
"393" 43 1982 63 56.1788608322547 0.826785127629588 41.099494777678
"394" 44 1982 25 25.9217479496961 -0.812830844826387 40.6744694945262
"395" 45 1982 47 55.6888117750135 -4.14438535984712 39.8056144801947
"396" 46 1982 164 175.210455759976 -0.789648969061416 39.3579240490339
"397" 47 1982 48 39.0668922369963 -4.83269168581912 41.6440757226044
"398" 48 1982 104 82.1736967589464 -2.83223719674931 43.2527888459929
"399" 49 1982 25 33.981953669627 -5.96472387457858 41.742081055707
"400" 50 1982 78 88.015178172846 -1.05613701304700 41.6309680140457
"401" 1 1983 25 18.5724948801998 -2.69920255095887 42.8362688079098
"402" 2 1983 50 36.5745127702259 -1.98432704501776 38.8405206642905
"403" 3 1983 107 100.079388843509 -0.576909403944958 38.4974913538265
"404" 4 1983 26 34.3026658558494 -2.35604061514020 37.2133431727737
"405" 5 1983 25 26.9792771943441 -4.93788312937989 40.5815877800085
"406" 6 1983 60 66.4515414159681 -6.13905369866462 38.7256674878886
"407" 7 1983 70 67.9756476716817 2.91946602099717 39.6320217153478
"408" 8 1983 387 377.736856137368 1.99811663925652 41.7469265779753
"409" 9 1983 36 42.5706173654734 -3.59134675355039 42.3729704312902
"410" 10 1983 29 47.9440390668437 -6.15535052135614 39.7231926273179
"411" 11 1983 68 59.1153019798957 -5.76468483106548 36.5624969412696
"412" 12 1983 74 50.7095054739131 -0.148039282559446 40.2507348146576
"413" 13 1983 49 49.8451971482422 -3.81339188792 38.9298215736108
"414" 14 1983 45 66.5691724453847 -4.81499528758521 38.0049023897714
"415" 15 1983 98 103.453432311529 -8.45971855216294 43.1280401889178
"416" 16 1983 29 33.5435855367058 -2.19548700715003 39.9086860718255
"417" 17 1983 61 49.2471623350247 2.68708796205338 42.145865652011
"418" 18 1983 63 65.7557423612859 -3.2725162184824 37.3330507124855
"419" 19 1983 8 23.709818384309 -2.62128556282702 40.8274558690964
"420" 20 1983 45 50.4394823906763 -2.16792853126469 43.1528089188849
"421" 21 1983 52 36.001129972582 -6.83265276754075 37.5978334583402
"422" 22 1983 22 33.32340792652 -0.059609139223607 42.2142401605038
"423" 23 1983 56 63.4046592612131 -3.44979781370444 38.0308250493701
"424" 24 1983 67 62.6491677382392 -5.82870631120274 42.634323440999
"425" 25 1983 47 47.337339052376 1.05797639294180 42.0569667018661
"426" 26 1983 30 27.5679717404025 -2.50129759774743 42.2834647638459
"427" 27 1983 67 65.5361271152193 -7.43968312456498 43.0234823442494
"428" 28 1983 228 329.06588149031 -3.71281962879811 40.5070988091236
"429" 29 1983 84 74.3432473398591 -4.73055642619482 36.8262859308411
"430" 30 1983 97 80.379195128443 -1.49630010993228 38.0192645198754
"431" 31 1983 46 51.4309937797482 -1.62626983258690 42.6731456222013
"432" 32 1983 46 58.2188423237202 -7.57751195701661 42.2058800425114
"433" 33 1983 107 111.840170446675 -5.9826023524122 43.3068393860113
"434" 34 1983 31 22.6981301972198 -4.5244778612837 42.3858592040108
"435" 35 1983 61 43.7410912863924 -14.0808342801231 28.5157089130002
"436" 36 1983 71 70.5158093678907 -8.44460855754943 42.4398016773539
"437" 37 1983 58 50.348962839155 -6.0589248043088 40.8171845370366
"438" 38 1983 63 48.9675049156453 -16.5420836626214 28.4318722417734
"439" 39 1983 43 48.0900125011527 -4.01407954592847 43.2119867222126
"440" 40 1983 17 20.8171186607485 -4.04852400392879 41.1828032906417
"441" 41 1983 127 104.184732240074 -5.68875708808965 37.448879916972
"442" 42 1983 12 17.6779212079675 -2.58123034319994 41.6308263313168
"443" 43 1983 57 57.5506506862007 0.826785127629588 41.099494777678
"444" 44 1983 19 26.2780439737445 -0.812830844826387 40.6744694945262
"445" 45 1983 43 57.1666327740547 -4.14438535984712 39.8056144801947
"446" 46 1983 191 179.624094925786 -0.789648969061416 39.3579240490339
"447" 47 1983 38 40.7503167000848 -4.83269168581912 41.6440757226044
"448" 48 1983 122 84.6961509132046 -2.83223719674931 43.2527888459929
"449" 49 1983 35 34.8766078299128 -5.96472387457858 41.742081055707
"450" 50 1983 74 90.8622532967392 -1.05613701304700 41.6309680140457
"451" 1 1984 20 19.3305686596422 -2.69920255095887 42.8362688079098
"452" 2 1984 39 37.1751514460733 -1.98432704501776 38.8405206642905
"453" 3 1984 94 103.251929444256 -0.576909403944958 38.4974913538265
"454" 4 1984 39 35.2865719187711 -2.35604061514020 37.2133431727737
"455" 5 1984 18 27.797388715781 -4.93788312937989 40.5815877800085
"456" 6 1984 76 67.8573065770403 -6.13905369866462 38.7256674878886
"457" 7 1984 95 69.6746826527485 2.91946602099717 39.6320217153478
"458" 8 1984 423 391.129479605566 1.99811663925652 41.7469265779753
"459" 9 1984 30 44.0741170111414 -3.59134675355039 42.3729704312902
"460" 10 1984 41 49.0194976453685 -6.15535052135614 39.7231926273179
"461" 11 1984 74 61.0732144395039 -5.76468483106548 36.5624969412696
"462" 12 1984 66 51.766819180226 -0.148039282559446 40.2507348146576
"463" 13 1984 51 50.9967015780059 -3.81339188792 38.9298215736108
"464" 14 1984 78 68.4667098297568 -4.81499528758521 38.0049023897714
"465" 15 1984 109 106.748088232096 -8.45971855216294 43.1280401889178
"466" 16 1984 27 34.2302068255952 -2.19548700715003 39.9086860718255
"467" 17 1984 52 50.603053835821 2.68708796205338 42.145865652011
"468" 18 1984 70 67.628192773446 -3.2725162184824 37.3330507124855
"469" 19 1984 20 24.408657238992 -2.62128556282702 40.8274558690964
"470" 20 1984 47 52.3808665482655 -2.16792853126469 43.1528089188849
"471" 21 1984 29 36.8784391472029 -6.83265276754075 37.5978334583402
"472" 22 1984 43 34.2738049053918 -0.059609139223607 42.2142401605038
"473" 23 1984 48 64.6409079716566 -3.44979781370444 38.0308250493701
"474" 24 1984 57 64.4837416482004 -5.82870631120274 42.634323440999
"475" 25 1984 47 48.7696698035386 1.05797639294180 42.0569667018661
"476" 26 1984 27 28.6434739987323 -2.50129759774743 42.2834647638459
"477" 27 1984 57 67.0947691472503 -7.43968312456498 43.0234823442494
"478" 28 1984 237 341.876909012793 -3.71281962879811 40.5070988091236
"479" 29 1984 97 76.7354608575439 -4.73055642619482 36.8262859308411
"480" 30 1984 72 82.3967492039483 -1.49630010993228 38.0192645198754
"481" 31 1984 50 53.0801908043359 -1.62626983258690 42.6731456222013
"482" 32 1984 48 59.4278131331477 -7.57751195701661 42.2058800425114
"483" 33 1984 105 115.189476490798 -5.9826023524122 43.3068393860113
"484" 34 1984 23 23.3006765801449 -4.5244778612837 42.3858592040108
"485" 35 1984 64 45.0959692744863 -14.0808342801231 28.5157089130002
"486" 36 1984 80 72.737844120068 -8.44460855754943 42.4398016773539
"487" 37 1984 53 51.8483336982559 -6.0589248043088 40.8171845370366
"488" 38 1984 63 50.7418772684491 -16.5420836626214 28.4318722417734
"489" 39 1984 57 49.9324586456311 -4.01407954592847 43.2119867222126
"490" 40 1984 21 21.409659669709 -4.04852400392879 41.1828032906417
"491" 41 1984 110 107.527042924873 -5.68875708808965 37.448879916972
"492" 42 1984 11 18.1932101858284 -2.58123034319994 41.6308263313168
"493" 43 1984 54 58.9105072139875 0.826785127629588 41.099494777678
"494" 44 1984 27 26.6116443568871 -0.812830844826387 40.6744694945262
"495" 45 1984 65 58.6232320440013 -4.14438535984712 39.8056144801947
"496" 46 1984 179 184.312423549269 -0.789648969061416 39.3579240490339
"497" 47 1984 55 42.4175170137802 -4.83269168581912 41.6440757226044
"498" 48 1984 115 87.3536092874954 -2.83223719674931 43.2527888459929
"499" 49 1984 31 35.7371213781496 -5.96472387457858 41.742081055707
"500" 50 1984 94 93.6542282343282 -1.05613701304700 41.6309680140457
"501" 1 1985 22 20.1254872584157 -2.69920255095887 42.8362688079098
"502" 2 1985 48 37.7700817343971 -1.98432704501776 38.8405206642905
"503" 3 1985 109 106.575493003324 -0.576909403944958 38.4974913538265
"504" 4 1985 35 36.2944345811707 -2.35604061514020 37.2133431727737
"505" 5 1985 20 28.6178081007034 -4.93788312937989 40.5815877800085
"506" 6 1985 70 69.2877167314847 -6.13905369866462 38.7256674878886
"507" 7 1985 88 71.3550713184584 2.91946602099717 39.6320217153478
"508" 8 1985 431 404.38757892333 1.99811663925652 41.7469265779753
"509" 9 1985 40 45.5603144727094 -3.59134675355039 42.3729704312902
"510" 10 1985 48 50.0717221398657 -6.15535052135614 39.7231926273179
"511" 11 1985 57 63.0671999247556 -5.76468483106548 36.5624969412696
"512" 12 1985 66 52.8821527272852 -0.148039282559446 40.2507348146576
"513" 13 1985 55 52.1641385845649 -3.81339188792 38.9298215736108
"514" 14 1985 61 70.4087456183574 -4.81499528758521 38.0049023897714
"515" 15 1985 119 110.046882000382 -8.45971855216294 43.1280401889178
"516" 16 1985 31 34.9112862174819 -2.19548700715003 39.9086860718255
"517" 17 1985 61 51.9660002951434 2.68708796205338 42.145865652011
"518" 18 1985 63 69.5481710966518 -3.2725162184824 37.3330507124855
"519" 19 1985 18 25.1168539622269 -2.62128556282702 40.8274558690964
"520" 20 1985 47 54.4116414285345 -2.16792853126469 43.1528089188849
"521" 21 1985 44 37.7589691812907 -6.83265276754075 37.5978334583402
"522" 22 1985 40 35.1895780508788 -0.059609139223607 42.2142401605038
"523" 23 1985 50 65.9141246716875 -3.44979781370444 38.0308250493701
"524" 24 1985 56 66.2656067770159 -5.82870631120274 42.634323440999
"525" 25 1985 55 50.2246725160269 1.05797639294180 42.0569667018661
"526" 26 1985 32 29.7163692151412 -2.50129759774743 42.2834647638459
"527" 27 1985 63 68.6411134742754 -7.43968312456498 43.0234823442494
"528" 28 1985 264 354.812698795274 -3.71281962879811 40.5070988091236
"529" 29 1985 103 79.1536931402542 -4.73055642619482 36.8262859308411
"530" 30 1985 80 84.5282030107396 -1.49630010993228 38.0192645198754
"531" 31 1985 69 54.7949059869309 -1.62626983258690 42.6731456222013
"532" 32 1985 49 60.5977728730716 -7.57751195701661 42.2058800425114
"533" 33 1985 127 118.506422073255 -5.9826023524122 43.3068393860113
"534" 34 1985 34 23.874263081214 -4.5244778612837 42.3858592040108
"535" 35 1985 69 46.5134433787726 -14.0808342801231 28.5157089130002
"536" 36 1985 66 74.9469136867396 -8.44460855754943 42.4398016773539
"537" 37 1985 45 53.3118535303641 -6.0589248043088 40.8171845370366
"538" 38 1985 70 52.5606243827204 -16.5420836626214 28.4318722417734
"539" 39 1985 72 51.7969230115516 -4.01407954592847 43.2119867222126
"540" 40 1985 12 22.0043482246821 -4.04852400392879 41.1828032906417
"541" 41 1985 103 110.909133941353 -5.68875708808965 37.448879916972
"542" 42 1985 14 18.7013827215756 -2.58123034319994 41.6308263313168
"543" 43 1985 54 60.247198909122 0.826785127629588 41.099494777678
"544" 44 1985 24 26.9076535105755 -0.812830844826387 40.6744694945262
"545" 45 1985 54 60.1052783585377 -4.14438535984712 39.8056144801947
"546" 46 1985 200 189.246200653974 -0.789648969061416 39.3579240490339
"547" 47 1985 38 44.0564206060105 -4.83269168581912 41.6440757226044
"548" 48 1985 122 90.15912258841 -2.83223719674931 43.2527888459929
"549" 49 1985 36 36.5604515290608 -5.96472387457858 41.742081055707
"550" 50 1985 130 96.3915274898068 -1.05613701304700 41.6309680140457
"551" 1 1986 16 20.9915195853521 -2.69920255095887 42.8362688079098
"552" 2 1986 36 38.4943325187448 -1.98432704501776 38.8405206642905
"553" 3 1986 107 110.114245464624 -0.576909403944958 38.4974913538265
"554" 4 1986 30 37.3646602821875 -2.35604061514020 37.2133431727737
"555" 5 1986 17 29.3722484345766 -4.93788312937989 40.5815877800085
"556" 6 1986 70 70.6056072640984 -6.13905369866462 38.7256674878886
"557" 7 1986 81 73.107063542733 2.91946602099717 39.6320217153478
"558" 8 1986 488 417.17954895555 1.99811663925652 41.7469265779753
"559" 9 1986 51 46.767679148252 -3.59134675355039 42.3729704312902
"560" 10 1986 58 51.155013914398 -6.15535052135614 39.7231926273179
"561" 11 1986 65 65.0522792923156 -5.76468483106548 36.5624969412696
"562" 12 1986 59 54.0344034490177 -0.148039282559446 40.2507348146576
"563" 13 1986 51 53.3855132191368 -3.81339188792 38.9298215736108
"564" 14 1986 73 72.2881992832746 -4.81499528758521 38.0049023897714
"565" 15 1986 125 113.232880512492 -8.45971855216294 43.1280401889178
"566" 16 1986 30 35.5125472695281 -2.19548700715003 39.9086860718255
"567" 17 1986 62 53.7339432973529 2.68708796205338 42.145865652011
"568" 18 1986 61 71.3890863236614 -3.2725162184824 37.3330507124855
"569" 19 1986 24 25.6525635852637 -2.62128556282702 40.8274558690964
"570" 20 1986 52 56.3245046444604 -2.16792853126469 43.1528089188849
"571" 21 1986 41 38.6699941869101 -6.83265276754075 37.5978334583402
"572" 22 1986 31 36.0310034582448 -0.059609139223607 42.2142401605038
"573" 23 1986 53 66.9953794092383 -3.44979781370444 38.0308250493701
"574" 24 1986 63 68.2486416551048 -5.82870631120274 42.634323440999
"575" 25 1986 41 51.5649826544321 1.05797639294180 42.0569667018661
"576" 26 1986 35 30.7880759969987 -2.50129759774743 42.2834647638459
"577" 27 1986 67 70.1958958438011 -7.43968312456498 43.0234823442494
"578" 28 1986 321 367.99309676008 -3.71281962879811 40.5070988091236
"579" 29 1986 94 82.0261637902115 -4.73055642619482 36.8262859308411
"580" 30 1986 79 86.7307402682856 -1.49630010993228 38.0192645198754
"581" 31 1986 73 56.5292424633784 -1.62626983258690 42.6731456222013
"582" 32 1986 56 61.7763075618631 -7.57751195701661 42.2058800425114
"583" 33 1986 159 121.756603213053 -5.9826023524122 43.3068393860113
"584" 34 1986 27 24.4282870749845 -4.5244778612837 42.3858592040108
"585" 35 1986 47 48.0183004630944 -14.0808342801231 28.5157089130002
"586" 36 1986 90 77.1815479746908 -8.44460855754943 42.4398016773539
"587" 37 1986 48 54.5079064939509 -6.0589248043088 40.8171845370366
"588" 38 1986 62 54.4200934369595 -16.5420836626214 28.4318722417734
"589" 39 1986 65 53.7175678790425 -4.01407954592847 43.2119867222126
"590" 40 1986 20 22.6927648124675 -4.04852400392879 41.1828032906417
"591" 41 1986 100 114.30445290952 -5.68875708808965 37.448879916972
"592" 42 1986 24 19.1785369052233 -2.58123034319994 41.6308263313168
"593" 43 1986 73 61.7033366574735 0.826785127629588 41.099494777678
"594" 44 1986 23 27.292378610624 -0.812830844826387 40.6744694945262
"595" 45 1986 58 61.6895087532778 -4.14438535984712 39.8056144801947
"596" 46 1986 196 194.365474393989 -0.789648969061416 39.3579240490339
"597" 47 1986 44 45.7669779006089 -4.83269168581912 41.6440757226044
"598" 48 1986 112 93.2735367610103 -2.83223719674931 43.2527888459929
"599" 49 1986 22 37.4581481117696 -5.96472387457858 41.742081055707
"600" 50 1986 127 98.9706818357803 -1.05613701304700 41.6309680140457
"601" 1 1987 18 21.9179797760368 -2.69920255095887 42.8362688079098
"602" 2 1987 38 39.3255496464832 -1.98432704501776 38.8405206642905
"603" 3 1987 119 113.905990367644 -0.576909403944958 38.4974913538265
"604" 4 1987 36 38.4792070839767 -2.35604061514020 37.2133431727737
"605" 5 1987 26 30.0602909812395 -4.93788312937989 40.5815877800085
"606" 6 1987 80 71.7965966119004 -6.13905369866462 38.7256674878886
"607" 7 1987 106 75.0260607683812 2.91946602099717 39.6320217153478
"608" 8 1987 496 429.749306206711 1.99811663925652 41.7469265779753
"609" 9 1987 47 47.7054655948784 -3.59134675355039 42.3729704312902
"610" 10 1987 52 52.2953715045779 -6.15535052135614 39.7231926273179
"611" 11 1987 60 67.0012312675748 -5.76468483106548 36.5624969412696
"612" 12 1987 48 55.2395442542397 -0.148039282559446 40.2507348146576
"613" 13 1987 71 54.6052520967706 -3.81339188792 38.9298215736108
"614" 14 1987 72 74.0916505826744 -4.81499528758521 38.0049023897714
"615" 15 1987 121 116.361273098636 -8.45971855216294 43.1280401889178
"616" 16 1987 26 35.9971609355263 -2.19548700715003 39.9086860718255
"617" 17 1987 52 55.957201919079 2.68708796205338 42.145865652011
"618" 18 1987 63 73.0960554273607 -3.2725162184824 37.3330507124855
"619" 19 1987 24 25.9967422686742 -2.62128556282702 40.8274558690964
"620" 20 1987 61 58.0949559628924 -2.16792853126469 43.1528089188849
"621" 21 1987 47 39.6223429503983 -6.83265276754075 37.5978334583402
"622" 22 1987 28 36.8400251761448 -0.059609139223607 42.2142401605038
"623" 23 1987 61 67.8729095990899 -3.44979781370444 38.0308250493701
"624" 24 1987 60 70.3880372064865 -5.82870631120274 42.634323440999
"625" 25 1987 44 52.8110985710224 1.05797639294180 42.0569667018661
"626" 26 1987 30 31.8766184908132 -2.50129759774743 42.2834647638459
"627" 27 1987 77 71.7683415184228 -7.43968312456498 43.0234823442494
"628" 28 1987 365 381.376513846212 -3.71281962879811 40.5070988091236
"629" 29 1987 92 85.3766261305515 -4.73055642619482 36.8262859308411
"630" 30 1987 65 89.047394269858 -1.49630010993228 38.0192645198754
"631" 31 1987 65 58.3008628846409 -1.62626983258690 42.6731456222013
"632" 32 1987 48 62.9711784442765 -7.57751195701661 42.2058800425114
"633" 33 1987 153 125.077418575738 -5.9826023524122 43.3068393860113
"634" 34 1987 22 24.9533455482481 -4.5244778612837 42.3858592040108
"635" 35 1987 57 49.66612716354 -14.0808342801231 28.5157089130002
"636" 36 1987 98 79.447970812098 -8.44460855754943 42.4398016773539
"637" 37 1987 54 55.4433750711258 -6.0589248043088 40.8171845370366
"638" 38 1987 62 56.3232323951867 -16.5420836626214 28.4318722417734
"639" 39 1987 58 55.6661166171282 -4.01407954592847 43.2119867222126
"640" 40 1987 19 23.472414471652 -4.04852400392879 41.1828032906417
"641" 41 1987 120 117.749903807676 -5.68875708808965 37.448879916972
"642" 42 1987 20 19.6343475283159 -2.58123034319994 41.6308263313168
"643" 43 1987 63 63.3203354653433 0.826785127629588 41.099494777678
"644" 44 1987 28 27.8112954543985 -0.812830844826387 40.6744694945262
"645" 45 1987 55 63.3681988802078 -4.14438535984712 39.8056144801947
"646" 46 1987 192 199.674043636733 -0.789648969061416 39.3579240490339
"647" 47 1987 59 47.5432636262971 -4.83269168581912 41.6440757226044
"648" 48 1987 119 96.6782730527947 -2.83223719674931 43.2527888459929
"649" 49 1987 49 38.3927938244734 -5.96472387457858 41.742081055707
"650" 50 1987 119 101.437119765292 -1.05613701304700 41.6309680140457
"651" 1 1988 14 22.8910446838063 -2.69920255095887 42.8362688079098
"652" 2 1988 43 40.1546219583371 -1.98432704501776 38.8405206642905
"653" 3 1988 131 117.964513253873 -0.576909403944958 38.4974913538265
"654" 4 1988 42 39.6074103768292 -2.35604061514020 37.2133431727737
"655" 5 1988 20 30.7262601979097 -4.93788312937989 40.5815877800085
"656" 6 1988 82 72.8930750719153 -6.13905369866462 38.7256674878886
"657" 7 1988 103 77.1485038384244 2.91946602099717 39.6320217153478
"658" 8 1988 473 442.830402320868 1.99811663925652 41.7469265779753
"659" 9 1988 46 48.6168092292485 -3.59134675355039 42.3729704312902
"660" 10 1988 54 53.3118325869621 -6.15535052135614 39.7231926273179
"661" 11 1988 58 69.0001479360861 -5.76468483106548 36.5624969412696
"662" 12 1988 69 56.5671864950298 -0.148039282559446 40.2507348146576
"663" 13 1988 60 55.8427859387747 -3.81339188792 38.9298215736108
"664" 14 1988 75 75.9338215572261 -4.81499528758521 38.0049023897714
"665" 15 1988 130 119.544552913726 -8.45971855216294 43.1280401889178
"666" 16 1988 36 36.4727275651662 -2.19548700715003 39.9086860718255
"667" 17 1988 68 58.2579850914032 2.68708796205338 42.145865652011
"668" 18 1988 59 74.843095717599 -3.2725162184824 37.3330507124855
"669" 19 1988 28 26.3271981039271 -2.62128556282702 40.8274558690964
"670" 20 1988 49 59.967887161108 -2.16792853126469 43.1528089188849
"671" 21 1988 43 40.6069262008155 -6.83265276754075 37.5978334583402
"672" 22 1988 41 37.6782262340446 -0.059609139223607 42.2142401605038
"673" 23 1988 55 68.7934367233491 -3.44979781370444 38.0308250493701
"674" 24 1988 77 72.4758842466884 -5.82870631120274 42.634323440999
"675" 25 1988 60 54.1266565856123 1.05797639294180 42.0569667018661
"676" 26 1988 36 33.0088116463088 -2.50129759774743 42.2834647638459
"677" 27 1988 64 73.414241975382 -7.43968312456498 43.0234823442494
"678" 28 1988 389 394.86078463654 -3.71281962879811 40.5070988091236
"679" 29 1988 82 88.8001515121042 -4.73055642619482 36.8262859308411
"680" 30 1988 90 91.5054031256618 -1.49630010993228 38.0192645198754
"681" 31 1988 58 60.1744652274829 -1.62626983258690 42.6731456222013
"682" 32 1988 49 64.158046783826 -7.57751195701661 42.2058800425114
"683" 33 1988 155 128.600097152005 -5.9826023524122 43.3068393860113
"684" 34 1988 12 25.4541691189204 -4.5244778612837 42.3858592040108
"685" 35 1988 53 51.4258689112263 -14.0808342801231 28.5157089130002
"686" 36 1988 91 81.7677447845102 -8.44460855754943 42.4398016773539
"687" 37 1988 53 56.3551173150809 -6.0589248043088 40.8171845370366
"688" 38 1988 73 58.3879666648255 -16.5420836626214 28.4318722417734
"689" 39 1988 60 57.6518802811605 -4.01407954592847 43.2119867222126
"690" 40 1988 26 24.2474080591368 -4.04852400392879 41.1828032906417
"691" 41 1988 105 121.282443547361 -5.68875708808965 37.448879916972
"692" 42 1988 20 20.0773831025875 -2.58123034319994 41.6308263313168
"693" 43 1988 70 65.0234974710446 0.826785127629588 41.099494777678
"694" 44 1988 31 28.3496745213725 -0.812830844826387 40.6744694945262
"695" 45 1988 61 65.0521040803255 -4.14438535984712 39.8056144801947
"696" 46 1988 213 205.414542864979 -0.789648969061416 39.3579240490339
"697" 47 1988 67 49.3108147225683 -4.83269168581912 41.6440757226044
"698" 48 1988 129 100.241212949125 -2.83223719674931 43.2527888459929
"699" 49 1988 26 39.3032336869748 -5.96472387457858 41.742081055707
"700" 50 1988 104 104.017698058781 -1.05613701304700 41.6309680140457
"701" 1 1989 20 23.8958502894513 -2.69920255095887 42.8362688079098
"702" 2 1989 43 41.0032195173733 -1.98432704501776 38.8405206642905
"703" 3 1989 125 122.326882627537 -0.576909403944958 38.4974913538265
"704" 4 1989 41 40.7631320112978 -2.35604061514020 37.2133431727737
"705" 5 1989 26 31.3982066779474 -4.93788312937989 40.5815877800085
"706" 6 1989 69 73.8886644851436 -6.13905369866462 38.7256674878886
"707" 7 1989 102 79.33700569131 2.91946602099717 39.6320217153478
"708" 8 1989 470 456.416115462052 1.99811663925652 41.7469265779753
"709" 9 1989 36 49.4970012728685 -3.59134675355039 42.3729704312902
"710" 10 1989 42 54.2450556746679 -6.15535052135614 39.7231926273179
"711" 11 1989 84 71.067725533378 -5.76468483106548 36.5624969412696
"712" 12 1989 59 58.0496201014333 -0.148039282559446 40.2507348146576
"713" 13 1989 66 57.0999239526876 -3.81339188792 38.9298215736108
"714" 14 1989 45 77.84549837258 -4.81499528758521 38.0049023897714
"715" 15 1989 119 122.869673156692 -8.45971855216294 43.1280401889178
"716" 16 1989 27 36.95646840436 -2.19548700715003 39.9086860718255
"717" 17 1989 65 60.6352541126069 2.68708796205338 42.145865652011
"718" 18 1989 69 76.6359247347417 -3.2725162184824 37.3330507124855
"719" 19 1989 20 26.6709553531121 -2.62128556282702 40.8274558690964
"720" 20 1989 50 61.9462492613768 -2.16792853126469 43.1528089188849
"721" 21 1989 41 41.6326426651401 -6.83265276754075 37.5978334583402
"722" 22 1989 50 38.5593267327467 -0.059609139223607 42.2142401605038
"723" 23 1989 48 69.7452508871328 -3.44979781370444 38.0308250493701
"724" 24 1989 87 74.5691306437134 -5.82870631120274 42.634323440999
"725" 25 1989 42 55.5164560324108 1.05797639294180 42.0569667018661
"726" 26 1989 32 34.139471287701 -2.50129759774743 42.2834647638459
"727" 27 1989 84 75.137641549958 -7.43968312456498 43.0234823442494
"728" 28 1989 442 408.522215972414 -3.71281962879811 40.5070988091236
"729" 29 1989 91 92.3455961469897 -4.73055642619482 36.8262859308411
"730" 30 1989 80 94.1102923014014 -1.49630010993228 38.0192645198754
"731" 31 1989 71 62.1492783010645 -1.62626983258690 42.6731456222013
"732" 32 1989 69 65.3482410880743 -7.57751195701661 42.2058800425114
"733" 33 1989 145 132.312432554853 -5.9826023524122 43.3068393860113
"734" 34 1989 28 25.9593415958851 -4.5244778612837 42.3858592040108
"735" 35 1989 65 53.1838402712977 -14.0808342801231 28.5157089130002
"736" 36 1989 97 84.1883263511571 -8.44460855754943 42.4398016773539
"737" 37 1989 46 57.2315612804948 -6.0589248043088 40.8171845370366
"738" 38 1989 66 60.4503982802334 -16.5420836626214 28.4318722417734
"739" 39 1989 61 59.7149737088494 -4.01407954592847 43.2119867222126
"740" 40 1989 21 25.0157037803575 -4.04852400392879 41.1828032906417
"741" 41 1989 106 124.956272329233 -5.68875708808965 37.448879916972
"742" 42 1989 13 20.4993389455745 -2.58123034319994 41.6308263313168
"743" 43 1989 71 66.8030714369856 0.826785127629588 41.099494777678
"744" 44 1989 32 28.9054032345051 -0.812830844826387 40.6744694945262
"745" 45 1989 70 66.751268414013 -4.14438535984712 39.8056144801947
"746" 46 1989 224 211.665541163231 -0.789648969061416 39.3579240490339
"747" 47 1989 75 51.0763648310431 -4.83269168581912 41.6440757226044
"748" 48 1989 116 104.032604980232 -2.83223719674931 43.2527888459929
"749" 49 1989 40 40.1957555269296 -5.96472387457858 41.742081055707
"750" 50 1989 113 106.695224264751 -1.05613701304700 41.6309680140457
"751" 1 1990 25 24.969229370302 -2.69920255095887 42.8362688079098
"752" 2 1990 38 41.8993339651505 -1.98432704501776 38.8405206642905
"753" 3 1990 122 126.971677574547 -0.576909403944958 38.4974913538265
"754" 4 1990 35 41.9597075972277 -2.35604061514020 37.2133431727737
"755" 5 1990 19 32.0704097665744 -4.93788312937989 40.5815877800085
"756" 6 1990 89 74.9118651962612 -6.13905369866462 38.7256674878886
"757" 7 1990 101 81.3392750342083 2.91946602099717 39.6320217153478
"758" 8 1990 528 470.552984454814 1.99811663925652 41.7469265779753
"759" 9 1990 52 50.401419129168 -3.59134675355039 42.3729704312902
"760" 10 1990 59 55.1477146193143 -6.15535052135614 39.7231926273179
"761" 11 1990 84 73.2020270451853 -5.76468483106548 36.5624969412696
"762" 12 1990 65 59.6643469890383 -0.148039282559446 40.2507348146576
"763" 13 1990 66 58.4408275143652 -3.81339188792 38.9298215736108
"764" 14 1990 51 79.796731795467 -4.81499528758521 38.0049023897714
"765" 15 1990 147 126.347789698716 -8.45971855216294 43.1280401889178
"766" 16 1990 28 37.4658235549222 -2.19548700715003 39.9086860718255
"767" 17 1990 66 63.1021369755858 2.68708796205338 42.145865652011
"768" 18 1990 73 78.4601747681175 -3.2725162184824 37.3330507124855
"769" 19 1990 21 27.0091275824381 -2.62128556282702 40.8274558690964
"770" 20 1990 68 64.1102647438601 -2.16792853126469 43.1528089188849
"771" 21 1990 42 42.6954489576995 -6.83265276754075 37.5978334583402
"772" 22 1990 47 39.4668306755242 -0.059609139223607 42.2142401605038
"773" 23 1990 60 70.7061897331501 -3.44979781370444 38.0308250493701
"774" 24 1990 73 76.633664991226 -5.82870631120274 42.634323440999
"775" 25 1990 60 56.9648571797125 1.05797639294180 42.0569667018661
"776" 26 1990 33 35.2975753404447 -2.50129759774743 42.2834647638459
"777" 27 1990 87 76.9704666418089 -7.43968312456498 43.0234823442494
"778" 28 1990 430 422.402579797943 -3.71281962879811 40.5070988091236
"779" 29 1990 105 96.0188780487025 -4.73055642619482 36.8262859308411
"780" 30 1990 85 96.9110263861542 -1.49630010993228 38.0192645198754
"781" 31 1990 80 64.2289784703855 -1.62626983258690 42.6731456222013
"782" 32 1990 72 66.5709251796339 -7.57751195701661 42.2058800425114
"783" 33 1990 152 136.335678308001 -5.9826023524122 43.3068393860113
"784" 34 1990 28 26.4777483076756 -4.5244778612837 42.3858592040108
"785" 35 1990 69 54.8765732813515 -14.0808342801231 28.5157089130002
"786" 36 1990 93 86.6984326399119 -8.44460855754943 42.4398016773539
"787" 37 1990 67 58.106826122167 -6.0589248043088 40.8171845370366
"788" 38 1990 72 62.4154362423732 -16.5420836626214 28.4318722417734
"789" 39 1990 69 61.912742989402 -4.01407954592847 43.2119867222126
"790" 40 1990 24 25.778617092809 -4.04852400392879 41.1828032906417
"791" 41 1990 117 128.75255124914 -5.68875708808965 37.448879916972
"792" 42 1990 21 20.9177953505317 -2.58123034319994 41.6308263313168
"793" 43 1990 74 68.6497840693086 0.826785127629588 41.099494777678
"794" 44 1990 29 29.4956417212751 -0.812830844826387 40.6744694945262
"795" 45 1990 57 68.5399735976364 -4.14438535984712 39.8056144801947
"796" 46 1990 213 218.352380950986 -0.789648969061416 39.3579240490339
"797" 47 1990 57 52.8283419069584 -4.83269168581912 41.6440757226044
"798" 48 1990 107 108.06457229964 -2.83223719674931 43.2527888459929
"799" 49 1990 41 41.079333155378 -5.96472387457858 41.742081055707
"800" 50 1990 99 109.504253089884 -1.05613701304700 41.6309680140457
"801" 1 1991 21 26.0265010842642 -2.69920255095887 42.8362688079098
"802" 2 1991 39 42.9783359837298 -1.98432704501776 38.8405206642905
"803" 3 1991 137 131.824885323513 -0.576909403944958 38.4974913538265
"804" 4 1991 40 43.2061546101543 -2.35604061514020 37.2133431727737
"805" 5 1991 33 32.8140003958598 -4.93788312937989 40.5815877800085
"806" 6 1991 75 76.1289538203312 -6.13905369866462 38.7256674878886
"807" 7 1991 102 83.1590261399683 2.91946602099717 39.6320217153478
"808" 8 1991 583 484.46283515503 1.99811663925652 41.7469265779753
"809" 9 1991 46 51.5425025484326 -3.59134675355039 42.3729704312902
"810" 10 1991 52 56.1267604303598 -6.15535052135614 39.7231926273179
"811" 11 1991 81 75.4985973997433 -5.76468483106548 36.5624969412696
"812" 12 1991 70 61.0009318060296 -0.148039282559446 40.2507348146576
"813" 13 1991 59 59.9487662429403 -3.81339188792 38.9298215736108
"814" 14 1991 68 81.6813421593639 -4.81499528758521 38.0049023897714
"815" 15 1991 129 129.999845718235 -8.45971855216294 43.1280401889178
"816" 16 1991 28 38.0851859184485 -2.19548700715003 39.9086860718255
"817" 17 1991 75 65.3430141536372 2.68708796205338 42.145865652011
"818" 18 1991 70 80.4944897304746 -3.2725162184824 37.3330507124855
"819" 19 1991 32 27.4151701990278 -2.62128556282702 40.8274558690964
"820" 20 1991 80 66.3352223795974 -2.16792853126469 43.1528089188849
"821" 21 1991 36 43.6951651882643 -6.83265276754075 37.5978334583402
"822" 22 1991 47 40.3982472494703 -0.059609139223607 42.2142401605038
"823" 23 1991 51 71.9603615669167 -3.44979781370444 38.0308250493701
"824" 24 1991 98 78.6767948156443 -5.82870631120274 42.634323440999
"825" 25 1991 56 58.3419927040512 1.05797639294180 42.0569667018661
"826" 26 1991 43 36.3735714089412 -2.50129759774743 42.2834647638459
"827" 27 1991 75 78.444539786934 -7.43968312456498 43.0234823442494
"828" 28 1991 432 436.731223145134 -3.71281962879811 40.5070988091236
"829" 29 1991 97 99.552405217221 -4.73055642619482 36.8262859308411
"830" 30 1991 107 99.6405157417746 -1.49630010993228 38.0192645198754
"831" 31 1991 84 66.2565322042995 -1.62626983258690 42.6731456222013
"832" 32 1991 79 67.9592053084457 -7.57751195701661 42.2058800425114
"833" 33 1991 133 140.446884554503 -5.9826023524122 43.3068393860113
"834" 34 1991 27 27.0467069651514 -4.5244778612837 42.3858592040108
"835" 35 1991 71 56.4232331169084 -14.0808342801231 28.5157089130002
"836" 36 1991 109 89.2602586710689 -8.44460855754943 42.4398016773539
"837" 37 1991 51 59.1881721265877 -6.0589248043088 40.8171845370366
"838" 38 1991 81 64.4575227504715 -16.5420836626214 28.4318722417734
"839" 39 1991 69 64.0099228196853 -4.01407954592847 43.2119867222126
"840" 40 1991 21 26.4143439650944 -4.04852400392879 41.1828032906417
"841" 41 1991 111 132.561458927404 -5.68875708808965 37.448879916972
"842" 42 1991 14 21.2690603196165 -2.58123034319994 41.6308263313168
"843" 43 1991 61 70.7851465823632 0.826785127629588 41.099494777678
"844" 44 1991 26 30.0674463114006 -0.812830844826387 40.6744694945262
"845" 45 1991 60 70.3928724987745 -4.14438535984712 39.8056144801947
"846" 46 1991 220 224.369751375165 -0.789648969061416 39.3579240490339
"847" 47 1991 58 54.5570262842918 -4.83269168581912 41.6440757226044
"848" 48 1991 98 112.017956265996 -2.83223719674931 43.2527888459929
"849" 49 1991 37 41.9257579949577 -5.96472387457858 41.742081055707
"850" 50 1991 132 112.462820431517 -1.05613701304700 41.6309680140457
"851" 1 1992 29 27.0052136303319 -2.69920255095887 42.8362688079098
"852" 2 1992 29 44.2344423016721 -1.98432704501776 38.8405206642905
"853" 3 1992 111 136.856615541564 -0.576909403944958 38.4974913538265
"854" 4 1992 40 44.5384741013634 -2.35604061514020 37.2133431727737
"855" 5 1992 27 33.6059052375256 -4.93788312937989 40.5815877800085
"856" 6 1992 63 77.5464613664997 -6.13905369866462 38.7256674878886
"857" 7 1992 105 84.988665756285 2.91946602099717 39.6320217153478
"858" 8 1992 533 498.413209178041 1.99811663925652 41.7469265779753
"859" 9 1992 53 52.9204478718454 -3.59134675355039 42.3729704312902
"860" 10 1992 53 57.2095991368496 -6.15535052135614 39.7231926273179
"861" 11 1992 62 77.9767806376046 -5.76468483106548 36.5624969412696
"862" 12 1992 69 62.0756474032636 -0.148039282559446 40.2507348146576
"863" 13 1992 71 61.5911200680202 -3.81339188792 38.9298215736108
"864" 14 1992 72 83.5796867715151 -4.81499528758521 38.0049023897714
"865" 15 1992 150 133.795120607844 -8.45971855216294 43.1280401889178
"866" 16 1992 19 38.8344641467578 -2.19548700715003 39.9086860718255
"867" 17 1992 77 67.3325347466427 2.68708796205338 42.145865652011
"868" 18 1992 82 82.7641308097122 -3.2725162184824 37.3330507124855
"869" 19 1992 21 27.9098116023663 -2.62128556282702 40.8274558690964
"870" 20 1992 70 68.5584444030243 -2.16792853126469 43.1528089188849
"871" 21 1992 45 44.6593253268918 -6.83265276754075 37.5978334583402
"872" 22 1992 41 41.3298233883761 -0.059609139223607 42.2142401605038
"873" 23 1992 67 73.5448036555216 -3.44979781370444 38.0308250493701
"874" 24 1992 75 80.7449913171988 -5.82870631120274 42.634323440999
"875" 25 1992 60 59.6693407934228 1.05797639294180 42.0569667018661
"876" 26 1992 42 37.2915913691516 -2.50129759774743 42.2834647638459
"877" 27 1992 92 79.5302247231978 -7.43968312456498 43.0234823442494
"878" 28 1992 482 451.872689585576 -3.71281962879811 40.5070988091236
"879" 29 1992 88 102.972378530791 -4.73055642619482 36.8262859308411
"880" 30 1992 106 102.381875807373 -1.49630010993228 38.0192645198754
"881" 31 1992 91 68.1958993661577 -1.62626983258690 42.6731456222013
"882" 32 1992 92 69.5724307384341 -7.57751195701661 42.2058800425114
"883" 33 1992 162 144.615581772645 -5.9826023524122 43.3068393860113
"884" 34 1992 33 27.6767730793545 -4.5244778612837 42.3858592040108
"885" 35 1992 99 57.9285451586683 -14.0808342801231 28.5157089130002
"886" 36 1992 103 91.8607149270205 -8.44460855754943 42.4398016773539
"887" 37 1992 49 60.4936357542699 -6.0589248043088 40.8171845370366
"888" 38 1992 72 66.6817836549802 -16.5420836626214 28.4318722417734
"889" 39 1992 74 65.9377296245775 -4.01407954592847 43.2119867222126
"890" 40 1992 34 26.9330345285315 -4.04852400392879 41.1828032906417
"891" 41 1992 123 136.461312136356 -5.68875708808965 37.448879916972
"892" 42 1992 23 21.5541849763376 -2.58123034319994 41.6308263313168
"893" 43 1992 74 73.2040205560567 0.826785127629588 41.099494777678
"894" 44 1992 32 30.6399280053261 -0.812830844826387 40.6744694945262
"895" 45 1992 61 72.3285450117566 -4.14438535984712 39.8056144801947
"896" 46 1992 246 229.769527289427 -0.789648969061416 39.3579240490339
"897" 47 1992 64 56.2659216390897 -4.83269168581912 41.6440757226044
"898" 48 1992 109 115.867268867258 -2.83223719674931 43.2527888459929
"899" 49 1992 35 42.754961408162 -5.96472387457858 41.742081055707
"900" 50 1992 144 115.584459017413 -1.05613701304700 41.6309680140457
